100
3
-5 0 0 1 0 0
-7 0 0 1 0 0
-6 3 0 1 0 0
3
3 0 -4 0 0 3
-3 -2 -1 3 0 0
-3 -1 2 0 3 0
4
1 2 3 1 2 3
3 2 1 3 2 1
1 0 0 0 0 -1
0 10 0 0 -10 -1
11
648 4320 -4046 -1120 436 4887
4757 2763 3639 1568 -45 -343
1197 -1394 2559 2274 1707 1388
-560 -3040 3405 1430 -3914 -442
1258 1923 -2567 -2378 -2249 -2336
3326 -2671 698 -4332 1832 -3045
-4556 3857 -3024 -3202 -3257 3453
-4559 1246 1566 2564 3289 2007
-694 -4349 -2542 998 225 -4929
-617 -2455 512 2168 1946 -670
13 14 15 0 0 0
30
-1419 -2156 672 2414 -1883 -2925
253 1212 1615 -641 -2081 -873
3671 2459 2575 -634 -3196 347
2853 -3518 4257 74 159 -2143
2150 -657 361 -1171 47 965
2353 -1935 510 1923 -325 939
2670 -1512 -4555 -154 4606 3158
1766 4602 -2244 -4778 -2554 812
-1580 -1248 1947 2166 934 -267
3231 -3599 2553 4594 3463 4204
3019 -1315 -4777 -3640 -4691 4568
910 -4476 1068 2600 -4082 -4
4176 4410 3595 -4410 -756 4036
129 -1086 -2525 1231 484 -524
3539 -2708 268 362 -516 -4830
4076 -4632 177 -2280 58 -2247
-2448 -3899 -4754 -1615 1385 -998
3141 -3236 2433 4017 426 -3771
2330 2325 4371 3528 -792 -4826
3486 -4628 647 -1759 2461 2658
-4498 -236 1169 4110 -168 -2088
-1923 -1068 493 251 -132 1642
2308 -4187 2511 -2194 118 -900
601 -118 982 -3122 2841 -2399
-2393 -3079 4142 -2639 3169 636
756 -2307 -4620 -845 2986 -481
1755 4389 -2649 2390 -655 4928
3588 3957 145 1380 -854 4864
-1575 -3432 3933 -2560 3021 -3564
-925 -4322 3700 1402 -3473 -917
27
28 3299 -968 -1433 -1770 -1653
-3168 -4727 -3887 -168 -3253 221
3997 4764 729 -4055 -2773 -3579
-1767 -4497 -1051 687 1156 868
-2887 1561 2430 2476 -1167 473
-2646 -1557 4237 1010 4839 623
1769 87 506 4663 -4958 -2116
-3515 -3474 1717 -3603 1858 -1145
2848 -2753 3568 -1225 4029 -1425
1627 3285 -3250 4313 3321 1620
4736 1042 -3250 -2297 -3001 4143
-725 4293 1536 2947 -4672 4738
3266 3285 2799 -3133 4688 1613
646 3361 -4461 4044 -1226 938
4482 2425 3565 182 -518 -1534
4141 578 -536 2582 2415 1337
-4805 1299 -2981 2904 4084 -67
-2541 2022 -4807 -4742 4630 -3364
-215 -1489 -4627 1168 -1141 -1320
-2924 -2986 -3081 -1021 2613 -1139
-275 170 -1140 1799 1586 -3753
2867 -2476 -751 -3493 -119 1513
2630 -423 4473 487 -4706 -394
38 -171 -2373 -2474 -1079 1640
1754 -1864 2435 3984 -4492 -1438
-966 -1872 4297 -2273 2044 -792
-4235 156 1085 -3329 -2388 3992
22
-873 -1192 -3338 4061 -2033 4458
13 4007 2769 2602 -3469 2660
1988 -1868 1179 -479 4904 252
2511 1414 580 902 2374 -2897
-551 2363 -1952 -1797 1448 -2799
2366 -520 -1452 -2160 -3455 -1447
-3686 1356 519 -1359 -1762 -3508
609 2072 -3604 165 -1087 2733
-1894 -1659 2957 -671 3126 1898
-1273 1748 4844 -2030 1656 -1000
-2052 -2066 -178 296 -1909 -1916
-2302 -4205 -4450 95 -4111 2818
-3182 2186 -91 1332 -3097 -3129
-4154 -3299 -2500 -2364 4744 3581
968 -606 2726 -154 4268 -3795
-1766 1226 -2428 -440 -1565 -1399
1510 2813 -701 -2206 -1248 603
1625 2862 1957 3256 2283 -308
-549 643 2246 976 3950 1057
2450 -2594 2415 2221 2633 4149
-580 -4897 -3835 1240 -2895 -2829
4807 -620 1483 -3486 -4755 818
28
4549 -1847 -3406 -2589 1326 -2170
818 -4944 641 818 -2775 -2107
1096 33 74 -2739 116 -3259
-2577 -1152 -81 -4443 105 -2701
1021 -356 -623 -2287 -4126 -1880
-2977 341 704 54 4157 166
-547 4090 -1131 -4472 -882 -4188
909 2045 -4106 -2423 1857 889
957 -1116 4697 -1340 4472 3926
-1475 -1868 2560 3220 -741 584
-1663 -4303 339 -2490 1957 -1004
3581 3122 -796 -1225 -2111 3850
-4419 -97 -4826 3552 -2127 1939
-774 3671 3544 2860 -2687 2025
-260 -1339 -1872 3092 -3381 -3092
4399 -1090 -1589 3144 -915 1200
4026 326 -1757 762 -239 -4062
-467 1043 2834 3336 1507 823
-3535 3767 4541 -594 905 507
-2190 3837 2107 -1616 -2175 3165
-1588 -4073 4968 2637 -4448 653
628 3214 1770 -1965 -1848 -196
-2162 -2554 1639 3782 -2857 2301
1243 -3389 -4974 467 4226 3585
2883 3029 374 -4406 4499 1543
-139 3735 -2733 -3872 -1721 3192
-1545 581 -3733 4399 3657 -2182
-1200 1289 903 4338 4249 -3507
25
-2262 -285 -315 2658 -62 -2402
2769 -2833 -1046 2210 -3269 3787
2153 145 -3214 1819 336 -4027
3137 -773 -3610 -2105 -4871 4012
-1635 -4026 1559 -310 3323 290
-2708 -1152 -2269 2278 1380 3746
1917 -2104 3801 -806 2734 4407
1360 3102 627 194 -2764 -3808
-825 311 -2669 4062 2223 831
367 3345 -4243 2873 1398 -1246
-1800 3224 4518 -435 -119 -938
-47 -668 -2935 3566 1942 -1536
1011 295 4627 -875 -2095 314
-4731 1896 3368 -2924 3307 -3305
-844 -2275 1577 -3331 -4991 3705
-4103 1420 -2293 -4250 4355 -2160
-1177 4029 2411 2904 -4049 3054
-4404 -2410 -4856 2698 434 -2782
4683 -1038 2526 -3988 2457 984
-75 1548 3951 -3240 -1132 568
1202 3844 -3274 -2454 1206 -1961
-2367 -2856 -1954 -3692 -1517 3058
-2567 -4750 -1158 1966 -1411 2965
223 3601 -928 639 140 -4248
4963 3679 112 543 1045 -3308
39
-3865 3078 -4255 -3519 1556 -1879
3018 945 5 -1034 -1777 -2064
4973 -4337 -4481 549 570 3784
2732 -2075 2842 1649 4526 3906
-4958 1119 2543 1658 2996 916
4911 -528 -821 720 563 -636
-378 -420 3394 4310 -3609 -1658
442 280 4401 -1209 2512 1114
-2137 -2873 949 70 3471 3510
383 -2802 -2073 4800 -1628 -82
3490 1625 3249 -3829 -670 -2099
957 -2621 -747 -2157 -2086 4409
4235 2600 2953 4400 -2612 1791
-4353 -1540 3825 2627 -620 730
-2648 -1558 595 -710 205 -3117
72 1121 -4426 3567 -3983 -4945
-2615 2966 -1960 -2846 -855 -2679
4229 1209 -349 643 -2296 -2932
916 -2614 -529 2398 -606 1143
-170 1465 -4507 2742 3090 1089
3357 -1158 3199 2936 -3936 -1044
-4374 4296 -1683 -2919 3457 -2492
3615 1656 -1156 1024 929 -2555
1218 547 -1536 3764 723 4004
4374 4970 3620 -3016 160 -3062
3009 1358 4075 -2784 4351 2308
2772 -2334 -4690 2028 239 827
-3503 2498 -3121 843 3155 1769
-2357 -1509 3012 -346 -2076 4569
2027 -1408 4777 -1903 -3730 3628
171 3636 -4796 -1960 1188 1402
-2020 -1235 -1047 23 907 -4208
-3547 -2645 3281 -2745 -2603 -2073
-3067 2522 -18 2872 -2334 1176
-2201 1889 -1485 -3506 -2847 3126
-37 -3447 542 -1281 2512 -752
-2579 -890 1535 -1329 3581 -2007
-4633 -1862 615 -3680 -3359 -2556
-4180 -2013 -1413 -2850 936 -2361
77
907 678 3652 1861 -2409 1048
2705 -2008 4215 4727 -651 -4087
551 -1825 3643 1652 -1874 1524
700 -906 79 3206 364 856
2953 3194 -1069 -452 1846 705
-170 773 -1972 949 -1947 -2906
-3812 -1186 -3947 -3415 4673 -2361
558 2864 -301 -3323 2765 829
-269 2006 -3241 -2303 961 500
4181 -3753 4215 -2057 -1709 168
-4186 -4130 -4206 -3027 -2122 -1644
1784 -4624 3536 4147 -3460 -3302
-3794 -2784 3627 1731 3836 1072
-55 -811 -2183 -2868 -3799 -4379
-1079 2652 -3121 3242 -3688 -3678
1282 -333 4495 -1536 1172 -1161
3697 599 -151 455 181 2823
-2688 3657 863 3455 -239 -3145
1899 -2531 899 455 266 1093
-2274 3192 2855 2628 2675 3470
2960 -4737 4784 67 -1557 -1549
65 -1506 100 -4148 -3136 -4538
3148 1154 -4700 18 2241 -324
-928 -1085 4565 2359 670 -1532
-1854 2648 -2728 -3108 -3035 1784
-300 -3162 -1131 -828 -2945 1118
-4332 2440 -724 -2495 4221 -2293
3487 2345 3972 -3405 -1486 2631
4149 -4398 -1556 905 -688 -3620
-1464 2344 1315 620 638 3188
956 3550 -2717 2292 -2752 -1234
107 -349 -510 -3854 -3463 -2074
-788 2803 -998 3234 3362 1041
4311 -2023 2293 -1499 4875 2048
1975 1073 -1542 -1093 -2773 -2951
-4658 999 -3411 1364 1767 2559
1385 -2515 2650 1699 -307 -2716
2601 -952 3783 -3038 2696 2640
3882 -1666 -2426 -1711 3952 4460
-1405 -2245 1159 2905 3185 -267
2221 -1539 -1233 -3360 -30 -3881
1588 2664 213 205 4872 2275
-3774 -3636 2975 -3635 4982 4353
2986 156 1258 -1870 1773 1124
-1009 -4208 -2134 1218 -532 1486
4092 4310 2333 -88 -2650 2738
-557 1416 -3558 2204 -2349 -2494
-3253 -904 -3503 -56 4601 3360
-3716 -586 -204 -4856 -3122 -2933
-2790 -4167 1815 -1215 -641 -3945
-4745 2531 -2588 -3205 -1409 -2520
-3032 -1302 895 1979 -2571 598
3335 3610 -3914 -283 3281 3508
-1085 672 -3443 -367 679 4874
-4620 -1240 2007 -727 -3136 -384
-3876 252 4747 -1561 -3504 -3272
-2197 -626 4611 3481 1549 -3726
-2917 -327 -1283 1964 -317 3675
-1098 2468 -3165 918 -2273 2516
-2999 2381 2613 1292 -2368 86
4395 1948 -4619 -2774 1556 -1937
1752 3320 349 -869 1742 3364
2515 2183 616 297 -48 -2932
-701 957 -17 708 -831 1329
-4921 4048 -3426 4807 -3306 -4468
4908 -3862 -893 3039 -4237 1572
-2159 4042 -495 1744 4740 1368
-3923 113 4662 3609 -2633 4234
-468 -927 4738 -3897 3849 -218
540 -2373 1101 2229 3882 3773
2290 3264 -3367 4338 9 -2782
1181 -2207 -721 1740 495 1319
-1860 -3450 -4110 -3645 2862 -2041
-1779 -1380 -4103 -1985 -3692 1801
2168 3262 1672 4888 -4769 889
3337 -3260 992 -2156 2627 -288
3984 2955 -4887 -3922 -1387 1783
80
-1278 3337 -516 3454 1954 -2131
1763 -2574 951 2040 2718 -4010
-2492 2110 2120 3441 1294 -1044
-1403 2734 2744 -1246 -4012 3162
1268 -2223 4629 -4396 4909 3916
-995 789 1078 -3866 -348 -2589
214 1942 -895 4736 4192 -3157
-740 3106 1465 -3137 1156 101
3468 23 -1217 628 -864 2881
-4454 2786 667 1099 -4921 3024
2253 -514 -1041 -3260 -2597 -4985
1734 -606 -2290 4180 2808 -3065
-1346 1277 4602 4598 308 402
-2958 1815 1246 -3230 -1208 -4724
2956 376 1954 -4364 1340 1872
-2520 87 4577 3194 -3120 4983
3363 3091 658 2695 1053 -2926
4765 -2603 3431 -1810 -1999 1770
-3903 2662 -2278 -4241 57 -251
-1398 1152 1310 2178 1814 4097
2617 -2301 -2296 4911 227 2413
-4816 687 -2378 -3043 1057 182
2955 -4144 -3390 2038 -4055 4939
-3576 1539 -2078 2225 1932 865
-1131 -1540 4265 -4759 1672 425
-659 1219 -1331 -3263 2918 1071
3217 2 -647 2417 3661 -3600
2074 -2102 -255 3722 2682 1135
-3879 3117 -186 -1232 3758 -499
3277 -4093 -1273 -2644 102 -2592
-2619 1380 -470 -3934 351 -2154
-1238 37 -878 1954 -1222 4016
-3309 -2205 1146 2668 2711 -3517
4176 745 -280 -239 3892 1259
228 -2603 4708 -2064 -3111 -563
-4076 -749 -249 2398 -3519 -907
-261 -4627 1640 -3774 -4335 -2444
1295 1761 4875 -2214 3644 1819
3564 1089 -1759 3740 -4249 -946
-2920 -2788 -1603 -1498 2286 2193
-531 2537 -4405 794 280 1134
-1202 -3577 -1531 -3329 -2218 -1786
2030 -1467 1601 -1077 2315 -1151
-3152 -619 -3336 1550 -3578 1828
-4384 598 -3800 -3267 895 -2377
3469 1297 -1751 3443 -459 -1213
-1065 -1252 1934 -923 -1903 -1100
-3773 4497 -1718 706 -3622 1605
2958 -3099 -3609 -2032 -3979 992
-1801 2908 -2488 -1783 -4630 1232
172 -2976 4356 -3543 -3408 -369
2411 2754 -2446 2774 -1677 -4795
-2729 -3706 2361 4101 4839 671
158 4016 2323 -770 859 -198
346 659 1384 2864 -1476 3757
1992 2608 -162 -1356 1041 2907
540 -3944 -226 2488 -207 -235
1724 -525 912 2203 -3640 -625
-2663 46 -9 963 3560 1185
1518 -412 -1713 602 2933 -84
3651 -4267 -1464 -229 -754 -2233
-104 3924 -3051 -3445 1493 -1293
-3675 -400 727 -3699 985 3263
3043 3464 -3199 -3267 -702 -4163
2325 4152 4083 4354 -1786 3615
22 -3858 -3175 272 -285 2897
4506 -3265 -2417 4605 214 4222
4383 1233 -60 -51 1269 -3932
2388 1298 1598 665 -3862 -2546
-3041 -862 3733 57 3101 -108
-1816 -2481 -88 1913 -2758 1062
-1528 676 -709 -4764 2901 -1713
-253 -3246 3976 13 3690 -3089
1541 -801 -2895 -3401 -1806 -2480
100 -162 -1814 -2576 -779 1777
-4608 -3690 -3256 3064 -677 -3759
-452 3769 780 -3951 -865 -1997
2486 -1972 1179 -3655 2986 3446
-1918 1399 -2485 1721 -2904 -4274
3716 1555 104 2211 -165 4728
37
-1991 944 19 1768 2454 3633
3598 -1525 3411 -1736 -352 2365
-1643 1997 -4241 -1003 1225 869
-1690 1861 2669 -1129 -2565 -2675
23 1692 -4872 -389 -1525 -1590
-622 4076 1504 -3102 3586 1029
-893 -3936 -1018 -1202 1829 3570
3844 170 -673 -453 2211 2875
-4537 -4274 -2227 -2992 -995 -4341
-1616 -3037 3589 607 1440 -2077
-634 -4327 332 4973 -3328 4233
2681 4821 -4713 -3482 -3900 -2269
-578 626 2912 665 -1392 -2713
-2978 4654 4734 -302 2411 -4019
1924 1746 -136 -4154 1868 -1479
-4181 1911 1382 -68 -3552 -1886
-3581 -1312 -4190 4186 325 -87
-2868 -1919 2662 -1362 -136 -605
777 2091 599 4260 2873 130
-993 4362 3129 935 1869 -426
305 -3626 4500 1380 665 -99
-1515 -4460 -1551 4210 971 1973
1937 -2047 -2807 787 2857 660
929 712 -3179 -1910 -755 -2209
-2099 -1904 4436 -3210 -3084 -1007
3946 2476 -2577 1201 -3827 -1069
2416 803 -279 -1203 4598 588
-364 -2298 2680 4140 -1060 1052
-3512 2194 -3179 872 -104 -979
959 2193 -2580 -2874 -79 -2830
-2866 -2015 -3463 2854 -1677 4757
3131 -248 2524 -657 4144 -1992
4940 -3173 830 -4794 2054 1087
-2887 -1287 2814 -2973 -3874 1705
4974 3395 -2681 131 -948 3020
4549 -3367 -573 2206 2517 -758
1115 2031 213 -710 -4381 -306
35
-2146 -2425 518 3320 -3519 470
-4588 -1941 683 -1772 1611 -687
-1256 -1907 2022 3688 1135 1332
2718 4036 -506 4021 228 2312
-2561 -2804 -7 2860 -1941 -873
-3669 4817 -2632 -3925 3622 3202
-2444 -1759 4030 -1941 2141 1845
1326 4378 -3133 3588 -3881 4311
3663 2836 -238 -3562 -4645 -1522
4716 4667 1558 1134 -4020 1967
886 93 2222 -2487 4559 -4020
-826 -2707 506 -2685 -187 -2249
3080 3119 -4211 -2712 -2068 -1789
-466 -2328 -3053 -785 -394 277
-1542 871 903 -4062 4521 3987
-1514 -1468 4531 -2767 700 1544
-2776 3749 480 -2618 -31 -1498
-391 -2028 2983 1633 -3270 -1839
2374 1183 -4336 2247 636 2710
-4360 -3912 -3910 -3813 24 636
4969 -1648 -1797 62 -2373 -3342
-1826 715 2076 2172 -919 1406
3116 -4437 4287 1592 -3980 -4886
-964 -18 2767 563 -2579 -2022
-1490 -4377 1704 -89 -1189 2106
-4400 1721 573 958 481 -4123
234 535 -4915 2376 991 -2489
886 -3440 2035 -804 1051 -433
1673 2510 1575 755 93 -4737
-192 1891 -4479 -1034 2153 2679
183 228 -4190 -1041 -1099 303
4261 638 -1155 -3062 2057 3097
-3459 -1963 515 701 2271 997
1963 -889 594 321 3456 2786
4822 2064 2000 1249 -611 -1260
31
1919 970 -255 3765 256 -1036
-3519 4818 3818 3641 -1721 1179
-2234 3007 259 -4592 -3215 -415
1612 -4799 -1071 -696 -549 1793
3379 464 3653 -2644 -2545 -4764
3648 -2656 2774 -3563 -4794 -2385
-3078 -748 -3286 2135 3996 2581
4185 -1190 3213 4162 1649 -1314
-1681 -1787 -4905 4984 -809 893
-3359 4194 3649 1005 4906 2521
-3846 3305 -1473 -814 1398 -1811
-144 391 2377 -2887 -3526 2853
-3137 -681 -22 -715 3112 2374
-2627 -113 4171 -3543 2251 2642
-396 -1556 -3902 3471 476 3350
-2411 4838 1337 -3835 752 -1325
-319 1776 2386 -1320 -4613 438
-3641 -3175 4126 1952 -2759 2744
-973 -3120 -3858 -2272 -4607 -688
4712 -3853 -2047 -2840 -2318 318
4601 -202 3057 -1451 2209 -2906
2012 -1743 -520 814 -255 -4593
-3498 -979 774 -2940 -199 3464
-993 -1972 -4407 4981 962 1333
4804 -2800 2016 -3513 4525 544
2827 3668 -4597 3168 4309 407
-223 -2900 -4587 4417 -86 1819
-753 -1042 -543 -1490 -2225 -2120
1552 1417 48 1359 3092 794
4621 4206 2709 3839 -3117 -1611
-3040 2262 -4894 -2285 -1521 -2120
30
7 4675 -2194 2875 914 241
1920 4548 -2186 335 433 600
-2159 -1010 -4406 -1420 -3985 -3959
3731 -2753 -4280 -3122 -203 -809
965 4585 1067 -731 -833 4140
4379 -4570 -2276 1505 4169 -3731
658 -1791 3782 -917 1739 1260
-1056 -1826 -1448 2502 605 -4821
3366 -3690 -4067 -61 -2503 320
-4602 -76 -273 -2226 2386 1021
2622 66 -828 -2536 -902 -2225
14 -1509 -2184 312 -1325 2179
-2765 2296 517 -1367 -1340 4370
3681 -1379 -501 2536 -2917 813
-615 -2626 2351 -2396 3342 1622
-4931 4890 4130 -4289 901 2157
-4525 3151 3078 1761 -784 2821
-2984 -553 2344 1195 1481 -3754
2270 -3438 4621 -2208 -4671 -3346
-2622 3437 -3789 -331 -3035 4389
1324 3844 3836 3422 -254 1080
-1427 -3149 1406 2336 -3819 -4072
3239 2734 -1730 2335 1297 -4098
-4679 -3702 541 -380 3949 -1677
2785 4366 -591 -3465 -1238 492
-379 -1359 -3671 1551 4509 -500
1150 3704 -2127 -535 258 -1922
1470 -1424 864 -790 3708 568
3418 -4437 4292 -4403 1829 4871
-4255 -3004 3722 3005 -3066 4268
73
901 526 -3962 -3603 -1483 1664
243 -4895 -4098 -226 -4542 -709
847 -3693 -1137 708 137 -1460
-3645 -4126 -1414 2622 -3664 -3694
3389 -2368 -730 1115 4072 -481
597 -2356 4382 -4612 -2442 -382
3211 593 4406 -4646 2767 -1300
-4093 2038 54 1870 -3253 -3609
3580 923 -4237 -4100 439 3722
3831 688 812 2680 -1451 481
2307 -209 4401 -2450 -977 -802
2399 -908 -257 4982 4452 1531
-2879 -3113 -1002 -1817 -2780 -3654
1415 1810 -2538 -899 1049 -550
-2925 -4773 2047 -863 -3515 1547
-3488 2732 2538 1949 1210 525
-2580 -2199 -4657 -797 -1205 -882
-2653 -1400 -1726 -2139 3501 3951
-3484 1713 -3319 -2126 4599 3563
29 1407 -445 -2722 -3780 646
4897 1737 2262 1548 4672 -1166
683 167 1141 -15 5000 3726
2023 708 3656 110 -171 830
3325 4194 -222 -2100 4263 -4682
-2080 -2845 -2019 2363 4918 4104
412 9 -3330 -730 -820 2833
1970 1960 3993 470 -3101 3565
2468 -3555 -2466 3648 -1071 3061
-3445 1321 1118 4295 -2174 476
1196 1751 -3205 4199 2776 926
4803 -4027 -3830 -3506 698 -210
466 2002 1000 4428 4681 861
-2999 -3711 -3218 64 -269 -1368
2346 326 -1220 -2713 316 -3105
-1869 -2032 2613 1961 -79 526
1146 3721 -4603 -2760 -2909 4198
-2997 1773 1729 -42 -4321 -4515
507 -4242 1047 -4684 -1150 -4722
-408 1635 1591 -4821 -3384 -497
4330 949 416 4643 3030 897
287 1678 425 -2124 4181 -2928
-3168 249 3423 398 2282 -71
-3280 2594 2866 -1961 -2446 -3043
-146 2277 1945 -1974 1329 292
3949 -4909 1986 1976 -1247 -2065
1586 3390 -722 1200 1457 613
-3711 3619 64 -1922 -4520 2800
2649 2331 3988 -639 -2195 3182
-4113 593 -1791 -1964 799 -2659
2615 -2396 2100 -877 911 -3439
-1687 3809 -2908 2919 269 -808
-455 2066 412 4342 -4089 -963
-1027 -3465 -1640 -867 4735 -28
-4525 3820 2715 -1645 2540 3231
-997 -3386 -2469 -677 -2536 -2734
-597 -4480 2792 -848 -3259 1532
-2691 -4442 519 179 4418 -3663
1038 3738 2474 2077 2324 173
-862 5000 3695 3918 -4750 -609
369 -2895 833 2257 -172 -2417
-2655 4585 -4332 -3287 -1609 -2421
-469 -4988 -1396 1051 -1532 1873
-273 1134 -3064 -3005 3296 -551
-274 4980 -4651 4391 -2485 1182
1867 -2433 -3643 676 -1554 2042
449 -3520 4186 -761 -842 281
-740 103 338 -3422 -3361 655
2393 2052 -3017 -848 4165 -3597
-1224 397 2463 3834 -2504 1165
-422 3577 1548 3109 -3362 4541
4236 4177 -2631 -2310 3898 4352
3095 -4405 4852 4736 -282 -4078
-1987 -269 3897 -51 2432 2085
5
4094 1113 143 -129 -539 3106
3193 2417 216 -3949 1639 -3600
-4340 -3548 1500 1799 1329 -2686
902 -560 216 3060 -3020 4283
-1893 -526 -1319 -3552 2155 -2174
41
1744 -2233 3703 201 -3049 -709
-3788 -3759 -2848 1503 -378 -977
-3723 -2664 -3058 -3166 -971 -3665
-1534 -4206 1695 2266 4474 -4769
-727 -2967 -4290 -412 3504 -3238
-2374 -3798 -2144 -2252 1489 2189
577 1331 -2336 4628 4509 147
-88 1940 1495 -37 -4714 -2508
-499 1483 -408 -721 -1072 -1416
-150 -4438 78 -3017 -3949 3495
-65 3772 -426 -1598 1546 3565
-2716 1492 1943 -2021 -3859 -1481
1539 4904 1105 2323 1471 1201
2143 -2562 -2704 -1439 1415 2269
1418 681 -3474 -4365 2029 -1312
-127 2791 2554 -3139 -384 -1799
-622 -4933 -3870 1989 4455 -93
3837 524 1004 1421 220 -783
357 479 3572 1328 1073 -3064
2949 4177 412 1601 646 -2649
1065 1084 918 3029 -3985 3062
1481 2448 2895 3182 -2822 -1214
-3036 -4590 -1476 -1003 991 1053
2794 765 -2038 3676 660 2696
1437 -779 -576 2324 1268 3016
-3040 3971 -3312 -1543 134 -2478
2079 -1692 4109 -1323 -1484 -3915
871 4485 304 286 2203 -4503
-1959 4421 2095 3840 568 2607
-1411 -526 1253 -3509 -3537 1784
-12 -3674 400 -1857 2714 3414
950 1273 3908 324 -555 -1573
674 64 -82 4733 -1098 3876
-1913 -2991 -1058 1378 -1867 4207
2870 1850 2549 -207 790 4286
-3439 -765 3069 -237 1255 -1373
2899 3248 632 -4492 195 3173
576 -2234 2919 -1221 -1463 -2527
559 680 -2602 293 3818 -674
-1894 2344 -1589 572 -2680 1851
-290 -1792 -2221 -3044 -3362 -2221
39
408 -3361 1900 -3370 473 947
3333 4838 173 -49 -316 -712
2371 622 284 -1566 4953 2962
8 -4126 -1991 965 -3456 -273
-2052 -1813 626 -3126 95 -168
103 -1616 4655 -4501 -1185 -116
3208 -3497 3543 -2585 354 3142
2710 109 2376 4011 3121 173
4180 1514 3363 2617 3496 -3150
1265 2741 -4957 -1990 -2879 -482
-3693 -2578 4222 937 -3723 -133
-1182 -1637 4262 260 2576 -4721
4715 -3799 1344 1036 -3341 -3274
-2911 -1366 340 -2154 354 -52
-4188 2355 -1633 -2186 3303 -1324
2615 349 1547 -2625 -1573 -3672
-4630 331 4799 3488 4612 3488
2031 1452 -569 591 -1747 -1770
3279 3430 -2912 683 -545 3725
-4144 -3442 -1378 -1678 -560 4016
-2963 3898 -677 3758 -2351 272
923 3251 -2647 1973 2421 1855
-698 -4682 -847 -1260 -2170 1012
-2100 -2586 -2238 816 2395 -4810
3391 881 -804 776 4980 4567
2421 3051 4458 3527 -1223 -4334
2942 3469 -3162 -3979 -1540 -3333
-2884 -4017 334 1498 -2264 2189
-1347 -4678 -1338 1508 -1671 1163
-4284 1397 7 -3389 3106 -2290
636 3819 374 1320 1369 431
2632 -276 1890 -344 -3302 1825
-4248 2005 -1079 3210 3316 3837
-2502 -611 -2010 -33 -3122 -1681
2364 2789 -4457 184 -4305 565
-3048 2383 3448 -176 2622 -4094
3441 597 -2477 -112 -1565 -2897
-4757 -1216 -4218 383 -1732 2511
2519 1788 -3837 1726 -848 3850
6
-1232 -4489 -298 2088 -3197 2787
-4164 -2909 -4324 3246 -83 -1894
-1104 483 4266 -4192 2569 108
1089 1782 831 -4587 3134 -2299
455 2414 -1570 1347 -3173 354
4804 2817 985 3010 162 1604
35
3656 -3100 679 4805 3349 -1605
4997 -2741 -1651 -1221 1916 -539
1182 -2001 4445 -1907 -2409 -3426
4729 483 3460 -817 2459 -1264
-3147 2627 4327 1136 1783 -3129
-3947 317 3029 -897 3707 -3773
-612 -2805 4567 -623 -2901 871
2926 -2116 -3710 452 3104 1606
-1006 103 1531 3913 -2243 1802
4661 3941 -875 -4419 -922 -447
-1503 4976 2074 -2126 3161 3256
850 -2767 2078 -3698 -1169 3230
-2992 4331 -2408 -641 -2508 -684
1275 -1185 -1217 1515 734 3949
1393 -2417 -420 3089 -1994 -1296
-4900 -1911 -2696 875 -2755 3817
-3441 -3794 574 3301 1109 -3699
-3830 -1536 1214 -160 4115 1313
-4986 -3406 1439 -4830 -2024 -3915
-2881 2599 -4496 -1993 -3793 -734
-564 1142 2042 39 951 1072
-445 3457 950 -2026 -2183 4976
-2065 2941 1850 4487 -1180 -4725
4439 -2447 3644 -280 506 3177
2632 -838 -1359 -4652 -680 -308
1547 -757 -4402 -1999 746 215
-1623 1799 1061 4965 3440 -996
4221 -2654 1180 -895 -1067 -3961
-1135 -702 -2891 1860 -3888 1740
-3912 -992 -4422 4182 -1999 -3892
-3228 2440 -3073 -3209 351 -451
-1137 4079 2037 1099 4711 -1121
1626 -4848 -1649 -1660 -1628 4526
-106 2728 -3014 1851 843 4076
3506 2274 -4278 3922 860 681
20
96 1599 -4635 625 4474 -2471
1102 -4989 1740 -3250 -1481 479
1993 2894 1294 2226 -1622 -2104
-1221 2282 782 2243 -3738 -4373
-2180 -585 2310 -2149 804 2759
-4945 -4495 -3074 2267 -969 1308
-3411 -2430 -4060 3696 67 81
2611 3613 1321 4789 2813 -4630
-648 4231 741 -2546 1872 -1497
515 -511 671 3275 329 1308
-3412 -1711 2946 -1029 -3696 2532
4975 2580 4247 -4333 3343 -4206
2543 -4361 1186 2349 4863 4019
4327 2119 765 1435 3169 4953
2210 -1513 -191 -3368 -3396 -12
32 2383 -4152 3149 -251 2211
824 3919 -4783 -4932 1428 -2696
-3123 -832 914 -1510 -4331 1222
-3820 -3839 -114 -701 -3527 2341
1832 -954 2792 -2296 -31 -1364
45
1721 -4082 4398 3159 -3685 1362
-776 -1914 -1297 -2190 -3108 711
4319 -4875 682 29 -4060 -1405
3623 963 -1524 -2015 4534 1127
103 1703 -3661 -3140 1867 -67
-4333 4045 4608 -2145 -4571 2836
783 -2132 -73 -4063 -1745 4030
-4491 2703 -450 -2259 -3700 316
907 -1998 2888 2742 384 1050
-1690 703 -2796 -2807 1678 -1933
1914 435 2834 -1286 4076 1715
-4689 136 4004 -4544 -872 2509
2932 -4854 945 -3594 -2315 -2542
-1126 -211 637 23 -803 3573
-3963 1266 2514 1996 -3311 306
701 -1810 722 430 -4263 716
4249 644 -3289 2331 4805 334
1215 263 -3922 -2201 -4783 -2720
-1022 -770 3356 96 3705 3729
-3639 1842 890 1262 1340 1023
4583 -3351 -4179 3601 3969 -4082
-1243 -4592 3570 -433 -1888 162
-1700 1508 -3567 -3288 -477 1966
484 544 -1987 -2730 -1642 -1034
255 -2485 -2877 2369 1256 -4735
-714 -1034 -2814 -595 -3646 -2498
-1142 1626 461 -4480 252 -4025
-1226 4838 -261 -2906 1063 -922
2905 -2351 1196 -1577 1170 460
-2222 -4769 -1301 2321 -1079 -496
119 2662 -209 4160 1399 2678
3026 -1134 -1156 3397 3861 -4613
-2620 4526 4606 3257 -435 1628
-513 2469 -828 708 -2779 3027
-1902 3358 1502 -1256 1065 4564
1765 2485 315 1966 -897 162
247 -141 -981 -577 1199 -1038
-852 329 -2101 3912 -1827 -791
4373 922 -3040 2219 4006 -2335
3056 -22 3646 -1052 1946 202
-2040 1972 -2925 -736 73 1275
2157 -988 -376 560 4382 -4008
-776 666 -2512 2730 3362 -1339
-405 -4255 4434 4201 -1851 -1275
-1408 4208 968 -25 4793 -2303
13
2716 267 -4294 3201 -3647 1503
1777 -1347 -3083 -342 143 -1379
2669 2458 -1369 -1623 -2206 2244
449 1777 467 1795 1229 -810
-3957 1796 3016 4427 2034 -1518
4007 -349 -4007 2529 -2638 2443
-1261 3521 2143 287 2181 4024
-4216 -3721 2985 -3182 3525 -3167
-4710 -477 1568 -4113 -35 -2202
346 -1366 2745 657 515 3591
1125 4058 -3074 -4405 -3046 -288
1803 -3550 -1585 491 4948 -3134
-594 -3279 4564 47 -2685 -1421
37
410 -2606 -782 -4720 2106 4210
3020 2417 114 701 -376 2662
4742 -2960 -2710 3572 -689 864
1643 4139 -1314 594 -3686 -3358
-4246 689 -778 2837 -2205 -1188
1736 -481 494 -1918 -861 2382
-1425 4143 1673 -1122 1209 -947
3977 2656 -2053 -3241 -4223 -2502
-898 151 15 368 -1989 -2962
-1606 -4875 -4821 433 -1975 3194
3047 -2248 2067 1160 2276 -1850
-109 2060 2300 4819 2197 3656
-4435 -70 445 4828 -1327 1794
525 -725 -4322 -536 4748 -169
1430 -1140 -3086 3131 1783 -2884
-2959 -2219 -1227 -4695 -2174 -2386
-1891 2109 1986 -35 4335 1496
3654 4867 3886 3629 -2998 1255
-3080 -1128 -1130 117 1748 -2732
860 -1215 1356 3930 -2349 -99
99 -1194 -483 -517 -1964 -3028
975 3171 984 -3845 -3149 160
-861 -1974 4250 542 3430 -3058
3935 -2593 906 877 -3862 -466
811 1154 -54 1622 3468 -1149
-415 -727 4117 879 3336 -395
-1345 2755 -3227 306 -2746 -4577
-3785 -3900 -2859 -3352 4068 2459
-446 -3057 -3190 -4099 -1815 -855
-4709 -3311 4440 -1927 -2418 -2392
-2076 3991 -2786 -2267 -4868 -2518
-2775 155 2702 3345 4614 2440
3893 3795 -824 -4115 -1590 2780
3402 -1585 2784 3511 2151 4006
-3847 -2469 -3635 -4948 1538 3555
-253 3135 3188 1720 4944 -1473
2120 -64 1034 -702 -1533 4615
10
-1963 -2825 -3815 -3983 1130 -2561
-983 4918 -2323 -1070 -2210 -3365
-1750 2637 1964 4414 -3359 896
2827 1627 -1932 1348 -32 -1101
3333 -3775 2170 -4817 4481 4985
-1961 -3414 -2697 882 -1987 -3879
2613 1174 217 3892 -906 2112
-3355 1589 4146 1771 4596 -28
-3340 -2655 1927 1931 222 2198
3635 932 -425 -3601 -2104 1367
37
-4503 2369 -1816 -4194 3171 -2569
-656 -4681 2505 -1548 105 4341
4512 2189 36 4684 1391 -432
2542 -2290 3192 3870 -4298 -4651
-4016 -1362 2630 -784 1085 -599
-4754 4841 1104 2657 3825 424
-1730 -3750 -93 284 927 -2559
-3927 3176 -4948 1089 -1842 -1580
478 2148 -4189 -572 1668 -1184
2475 771 4075 -576 234 2958
1132 -2073 834 2042 2176 -3900
4926 -2880 -1995 -729 -3102 -3904
2461 1540 1965 -3018 1545 -2774
1444 3184 2331 590 242 -1037
2754 1916 -3001 -2433 -4806 2714
-2060 1532 -3182 -2185 4892 -2998
3158 -4608 -589 937 2370 -732
2788 -3574 1157 1709 -1840 2422
-1890 1295 -1902 2621 804 -2090
1265 2371 -2979 565 1153 612
-1322 -1376 2864 -1068 -3677 484
-2064 -1139 -328 1798 -2787 2451
-804 3171 -1116 1662 -167 1084
2614 -2719 4986 4889 -1719 -299
-4589 3101 828 2481 2093 4253
183 -4057 2246 -4058 3956 -1695
1472 -826 -2108 -4887 -706 -3413
-1615 1000 -4724 -3371 -910 2852
-3907 3228 -2474 -1748 -4366 4056
-59 1850 3153 1097 -4036 1486
2107 -2981 -4069 860 663 -152
-924 3513 -2782 4159 -2183 4330
1269 -1779 504 251 -2767 -713
-4378 787 2716 -307 4606 -919
-1540 -1931 830 4551 2641 -3503
2060 -329 3726 -2961 865 3378
3928 -979 361 -4847 -3150 4614
32
3928 200 3150 1558 2263 -2434
-3686 3245 1306 -2863 2097 -1611
124 -175 -251 2039 -4960 3577
-1942 1418 -3052 -852 2145 -3508
-2041 -302 4212 2769 3202 3438
4850 2200 -1752 -259 -452 -3747
-2555 -332 1684 240 3391 1834
-1329 -403 1748 1370 707 -737
2729 -2716 -10 1761 -2865 614
2224 44 2341 587 85 4933
532 -2390 -524 -2691 -1783 -4867
-2658 -532 -4262 -4508 3347 4120
-2515 -3499 3922 3665 -1349 -1825
174 3499 2981 -2159 4311 -3293
-460 1662 -503 -221 -2939 -3094
2400 -893 3052 -3046 -2380 781
4381 3469 694 -307 -842 3580
-3808 3737 4529 1849 -2118 1799
-3111 1183 -4521 4276 -825 13
-828 579 2604 -4381 -30 1918
703 3866 -3841 -4867 -420 2038
-2444 -3387 -1099 931 -4924 -961
572 -4710 -2601 -4157 1382 -2345
253 -3702 -4842 4569 -1792 -2738
-3332 3855 2113 3933 749 3492
2411 2410 1390 -3662 831 -104
-1528 -3344 2248 1974 -1902 -2960
-1915 -2031 -3510 -2896 -1500 3270
3639 -1556 -1212 -789 1888 -1722
4542 998 -3996 -436 2375 -2541
-309 -3387 2187 4604 153 2815
1363 1154 -4123 513 1515 17
3
-5000 -5000 5000 -5000 -5000 5000
-5000 -5000 5000 -5000 -5000 5000
-5000 -5000 5000 -5000 -5000 5000
500
-5000 5000 -5000 0 0 0
-5000 5000 -5000 0 0 0
-5000 5000 -5000 0 0 0
-5000 5000 -5000 0 0 0
-5000 5000 -5000 0 0 0
-5000 5000 -5000 0 0 0
-5000 5000 -5000 0 0 0
-5000 5000 -5000 0 0 0
-5000 5000 -5000 0 0 0
-5000 5000 -5000 0 0 0
-5000 5000 -5000 0 0 0
-5000 5000 -5000 0 0 0
-5000 5000 -5000 0 0 0
-5000 5000 -5000 0 0 0
-5000 5000 -5000 0 0 0
-5000 5000 -5000 0 0 0
-5000 5000 -5000 0 0 0
-5000 5000 -5000 0 0 0
-5000 5000 -5000 0 0 0
-5000 5000 -5000 0 0 0
-5000 5000 -5000 0 0 0
-5000 5000 -5000 0 0 0
-5000 5000 -5000 0 0 0
-5000 5000 -5000 0 0 0
-5000 5000 -5000 0 0 0
-5000 5000 -5000 0 0 0
-5000 5000 -5000 0 0 0
-5000 5000 -5000 0 0 0
-5000 5000 -5000 0 0 0
-5000 5000 -5000 0 0 0
-5000 5000 -5000 0 0 0
-5000 5000 -5000 0 0 0
-5000 5000 -5000 0 0 0
-5000 5000 -5000 0 0 0
-5000 5000 -5000 0 0 0
-5000 5000 -5000 0 0 0
-5000 5000 -5000 0 0 0
-5000 5000 -5000 0 0 0
-5000 5000 -5000 0 0 0
-5000 5000 -5000 0 0 0
-5000 5000 -5000 0 0 0
-5000 5000 -5000 0 0 0
-5000 5000 -5000 0 0 0
-5000 5000 -5000 0 0 0
-5000 5000 -5000 0 0 0
-5000 5000 -5000 0 0 0
-5000 5000 -5000 0 0 0
-5000 5000 -5000 0 0 0
-5000 5000 -5000 0 0 0
-5000 5000 -5000 0 0 0
-5000 5000 -5000 0 0 0
-5000 5000 -5000 0 0 0
-5000 5000 -5000 0 0 0
-5000 5000 -5000 0 0 0
-5000 5000 -5000 0 0 0
-5000 5000 -5000 0 0 0
-5000 5000 -5000 0 0 0
-5000 5000 -5000 0 0 0
-5000 5000 -5000 0 0 0
-5000 5000 -5000 0 0 0
-5000 5000 -5000 0 0 0
-5000 5000 -5000 0 0 0
-5000 5000 -5000 0 0 0
-5000 5000 -5000 0 0 0
-5000 5000 -5000 0 0 0
-5000 5000 -5000 0 0 0
-5000 5000 -5000 0 0 0
-5000 5000 -5000 0 0 0
-5000 5000 -5000 0 0 0
-5000 5000 -5000 0 0 0
-5000 5000 -5000 0 0 0
-5000 5000 -5000 0 0 0
-5000 5000 -5000 0 0 0
-5000 5000 -5000 0 0 0
-5000 5000 -5000 0 0 0
-5000 5000 -5000 0 0 0
-5000 5000 -5000 0 0 0
-5000 5000 -5000 0 0 0
-5000 5000 -5000 0 0 0
-5000 5000 -5000 0 0 0
-5000 5000 -5000 0 0 0
-5000 5000 -5000 0 0 0
-5000 5000 -5000 0 0 0
-5000 5000 -5000 0 0 0
-5000 5000 -5000 0 0 0
-5000 5000 -5000 0 0 0
-5000 5000 -5000 0 0 0
-5000 5000 -5000 0 0 0
-5000 5000 -5000 0 0 0
-5000 5000 -5000 0 0 0
-5000 5000 -5000 0 0 0
-5000 5000 -5000 0 0 0
-5000 5000 -5000 0 0 0
-5000 5000 -5000 0 0 0
-5000 5000 -5000 0 0 0
-5000 5000 -5000 0 0 0
-5000 5000 -5000 0 0 0
-5000 5000 -5000 0 0 0
-5000 5000 -5000 0 0 0
-5000 5000 -5000 0 0 0
-5000 5000 -5000 0 0 0
-5000 5000 -5000 0 0 0
-5000 5000 -5000 0 0 0
-5000 5000 -5000 0 0 0
-5000 5000 -5000 0 0 0
-5000 5000 -5000 0 0 0
-5000 5000 -5000 0 0 0
-5000 5000 -5000 0 0 0
-5000 5000 -5000 0 0 0
-5000 5000 -5000 0 0 0
-5000 5000 -5000 0 0 0
-5000 5000 -5000 0 0 0
-5000 5000 -5000 0 0 0
-5000 5000 -5000 0 0 0
-5000 5000 -5000 0 0 0
-5000 5000 -5000 0 0 0
-5000 5000 -5000 0 0 0
-5000 5000 -5000 0 0 0
-5000 5000 -5000 0 0 0
-5000 5000 -5000 0 0 0
-5000 5000 -5000 0 0 0
-5000 5000 -5000 0 0 0
-5000 5000 -5000 0 0 0
-5000 5000 -5000 0 0 0
-5000 5000 -5000 0 0 0
-5000 5000 -5000 0 0 0
-5000 5000 -5000 0 0 0
-5000 5000 -5000 0 0 0
-5000 5000 -5000 0 0 0
-5000 5000 -5000 0 0 0
-5000 5000 -5000 0 0 0
-5000 5000 -5000 0 0 0
-5000 5000 -5000 0 0 0
-5000 5000 -5000 0 0 0
-5000 5000 -5000 0 0 0
-5000 5000 -5000 0 0 0
-5000 5000 -5000 0 0 0
-5000 5000 -5000 0 0 0
-5000 5000 -5000 0 0 0
-5000 5000 -5000 0 0 0
-5000 5000 -5000 0 0 0
-5000 5000 -5000 0 0 0
-5000 5000 -5000 0 0 0
-5000 5000 -5000 0 0 0
-5000 5000 -5000 0 0 0
-5000 5000 -5000 0 0 0
-5000 5000 -5000 0 0 0
-5000 5000 -5000 0 0 0
-5000 5000 -5000 0 0 0
-5000 5000 -5000 0 0 0
-5000 5000 -5000 0 0 0
-5000 5000 -5000 0 0 0
-5000 5000 -5000 0 0 0
-5000 5000 -5000 0 0 0
-5000 5000 -5000 0 0 0
-5000 5000 -5000 0 0 0
-5000 5000 -5000 0 0 0
-5000 5000 -5000 0 0 0
-5000 5000 -5000 0 0 0
-5000 5000 -5000 0 0 0
-5000 5000 -5000 0 0 0
-5000 5000 -5000 0 0 0
-5000 5000 -5000 0 0 0
-5000 5000 -5000 0 0 0
-5000 5000 -5000 0 0 0
-5000 5000 -5000 0 0 0
-5000 5000 -5000 0 0 0
-5000 5000 -5000 0 0 0
-5000 5000 -5000 0 0 0
-5000 5000 -5000 0 0 0
-5000 5000 -5000 0 0 0
-5000 5000 -5000 0 0 0
-5000 5000 -5000 0 0 0
-5000 5000 -5000 0 0 0
-5000 5000 -5000 0 0 0
-5000 5000 -5000 0 0 0
-5000 5000 -5000 0 0 0
-5000 5000 -5000 0 0 0
-5000 5000 -5000 0 0 0
-5000 5000 -5000 0 0 0
-5000 5000 -5000 0 0 0
-5000 5000 -5000 0 0 0
-5000 5000 -5000 0 0 0
-5000 5000 -5000 0 0 0
-5000 5000 -5000 0 0 0
-5000 5000 -5000 0 0 0
-5000 5000 -5000 0 0 0
-5000 5000 -5000 0 0 0
-5000 5000 -5000 0 0 0
-5000 5000 -5000 0 0 0
-5000 5000 -5000 0 0 0
-5000 5000 -5000 0 0 0
-5000 5000 -5000 0 0 0
-5000 5000 -5000 0 0 0
-5000 5000 -5000 0 0 0
-5000 5000 -5000 0 0 0
-5000 5000 -5000 0 0 0
-5000 5000 -5000 0 0 0
-5000 5000 -5000 0 0 0
-5000 5000 -5000 0 0 0
-5000 5000 -5000 0 0 0
-5000 5000 -5000 0 0 0
-5000 5000 -5000 0 0 0
-5000 5000 -5000 0 0 0
-5000 5000 -5000 0 0 0
-5000 5000 -5000 0 0 0
-5000 5000 -5000 0 0 0
-5000 5000 -5000 0 0 0
-5000 5000 -5000 0 0 0
-5000 5000 -5000 0 0 0
-5000 5000 -5000 0 0 0
-5000 5000 -5000 0 0 0
-5000 5000 -5000 0 0 0
-5000 5000 -5000 0 0 0
-5000 5000 -5000 0 0 0
-5000 5000 -5000 0 0 0
-5000 5000 -5000 0 0 0
-5000 5000 -5000 0 0 0
-5000 5000 -5000 0 0 0
-5000 5000 -5000 0 0 0
-5000 5000 -5000 0 0 0
-5000 5000 -5000 0 0 0
-5000 5000 -5000 0 0 0
-5000 5000 -5000 0 0 0
-5000 5000 -5000 0 0 0
-5000 5000 -5000 0 0 0
-5000 5000 -5000 0 0 0
-5000 5000 -5000 0 0 0
-5000 5000 -5000 0 0 0
-5000 5000 -5000 0 0 0
-5000 5000 -5000 0 0 0
-5000 5000 -5000 0 0 0
-5000 5000 -5000 0 0 0
-5000 5000 -5000 0 0 0
-5000 5000 -5000 0 0 0
-5000 5000 -5000 0 0 0
-5000 5000 -5000 0 0 0
-5000 5000 -5000 0 0 0
-5000 5000 -5000 0 0 0
-5000 5000 -5000 0 0 0
-5000 5000 -5000 0 0 0
-5000 5000 -5000 0 0 0
-5000 5000 -5000 0 0 0
-5000 5000 -5000 0 0 0
-5000 5000 -5000 0 0 0
-5000 5000 -5000 0 0 0
-5000 5000 -5000 0 0 0
-5000 5000 -5000 0 0 0
-5000 5000 -5000 0 0 0
-5000 5000 -5000 0 0 0
-5000 5000 -5000 0 0 0
-5000 5000 -5000 0 0 0
-5000 5000 -5000 0 0 0
-5000 5000 -5000 0 0 0
-5000 5000 -5000 0 0 0
-5000 5000 -5000 0 0 0
-5000 5000 -5000 0 0 0
-5000 5000 -5000 0 0 0
-5000 5000 -5000 0 0 0
-5000 5000 -5000 0 0 0
-5000 5000 -5000 0 0 0
-5000 5000 -5000 0 0 0
-5000 5000 -5000 0 0 0
-5000 5000 -5000 0 0 0
-5000 5000 -5000 0 0 0
-5000 5000 -5000 0 0 0
-5000 5000 -5000 0 0 0
-5000 5000 -5000 0 0 0
-5000 5000 -5000 0 0 0
-5000 5000 -5000 0 0 0
-5000 5000 -5000 0 0 0
-5000 5000 -5000 0 0 0
-5000 5000 -5000 0 0 0
-5000 5000 -5000 0 0 0
-5000 5000 -5000 0 0 0
-5000 5000 -5000 0 0 0
-5000 5000 -5000 0 0 0
-5000 5000 -5000 0 0 0
-5000 5000 -5000 0 0 0
-5000 5000 -5000 0 0 0
-5000 5000 -5000 0 0 0
-5000 5000 -5000 0 0 0
-5000 5000 -5000 0 0 0
-5000 5000 -5000 0 0 0
-5000 5000 -5000 0 0 0
-5000 5000 -5000 0 0 0
-5000 5000 -5000 0 0 0
-5000 5000 -5000 0 0 0
-5000 5000 -5000 0 0 0
-5000 5000 -5000 0 0 0
-5000 5000 -5000 0 0 0
-5000 5000 -5000 0 0 0
-5000 5000 -5000 0 0 0
-5000 5000 -5000 0 0 0
-5000 5000 -5000 0 0 0
-5000 5000 -5000 0 0 0
-5000 5000 -5000 0 0 0
-5000 5000 -5000 0 0 0
-5000 5000 -5000 0 0 0
-5000 5000 -5000 0 0 0
-5000 5000 -5000 0 0 0
-5000 5000 -5000 0 0 0
-5000 5000 -5000 0 0 0
-5000 5000 -5000 0 0 0
-5000 5000 -5000 0 0 0
-5000 5000 -5000 0 0 0
-5000 5000 -5000 0 0 0
-5000 5000 -5000 0 0 0
-5000 5000 -5000 0 0 0
-5000 5000 -5000 0 0 0
-5000 5000 -5000 0 0 0
-5000 5000 -5000 0 0 0
-5000 5000 -5000 0 0 0
-5000 5000 -5000 0 0 0
-5000 5000 -5000 0 0 0
-5000 5000 -5000 0 0 0
-5000 5000 -5000 0 0 0
-5000 5000 -5000 0 0 0
-5000 5000 -5000 0 0 0
-5000 5000 -5000 0 0 0
-5000 5000 -5000 0 0 0
-5000 5000 -5000 0 0 0
-5000 5000 -5000 0 0 0
-5000 5000 -5000 0 0 0
-5000 5000 -5000 0 0 0
-5000 5000 -5000 0 0 0
-5000 5000 -5000 0 0 0
-5000 5000 -5000 0 0 0
-5000 5000 -5000 0 0 0
-5000 5000 -5000 0 0 0
-5000 5000 -5000 0 0 0
-5000 5000 -5000 0 0 0
-5000 5000 -5000 0 0 0
-5000 5000 -5000 0 0 0
-5000 5000 -5000 0 0 0
-5000 5000 -5000 0 0 0
-5000 5000 -5000 0 0 0
-5000 5000 -5000 0 0 0
-5000 5000 -5000 0 0 0
-5000 5000 -5000 0 0 0
-5000 5000 -5000 0 0 0
-5000 5000 -5000 0 0 0
-5000 5000 -5000 0 0 0
-5000 5000 -5000 0 0 0
-5000 5000 -5000 0 0 0
-5000 5000 -5000 0 0 0
-5000 5000 -5000 0 0 0
-5000 5000 -5000 0 0 0
-5000 5000 -5000 0 0 0
-5000 5000 -5000 0 0 0
-5000 5000 -5000 0 0 0
-5000 5000 -5000 0 0 0
-5000 5000 -5000 0 0 0
-5000 5000 -5000 0 0 0
-5000 5000 -5000 0 0 0
-5000 5000 -5000 0 0 0
-5000 5000 -5000 0 0 0
-5000 5000 -5000 0 0 0
-5000 5000 -5000 0 0 0
-5000 5000 -5000 0 0 0
-5000 5000 -5000 0 0 0
-5000 5000 -5000 0 0 0
-5000 5000 -5000 0 0 0
-5000 5000 -5000 0 0 0
-5000 5000 -5000 0 0 0
-5000 5000 -5000 0 0 0
-5000 5000 -5000 0 0 0
-5000 5000 -5000 0 0 0
-5000 5000 -5000 0 0 0
-5000 5000 -5000 0 0 0
-5000 5000 -5000 0 0 0
-5000 5000 -5000 0 0 0
-5000 5000 -5000 0 0 0
-5000 5000 -5000 0 0 0
-5000 5000 -5000 0 0 0
-5000 5000 -5000 0 0 0
-5000 5000 -5000 0 0 0
-5000 5000 -5000 0 0 0
-5000 5000 -5000 0 0 0
-5000 5000 -5000 0 0 0
-5000 5000 -5000 0 0 0
-5000 5000 -5000 0 0 0
-5000 5000 -5000 0 0 0
-5000 5000 -5000 0 0 0
-5000 5000 -5000 0 0 0
-5000 5000 -5000 0 0 0
-5000 5000 -5000 0 0 0
-5000 5000 -5000 0 0 0
-5000 5000 -5000 0 0 0
-5000 5000 -5000 0 0 0
-5000 5000 -5000 0 0 0
-5000 5000 -5000 0 0 0
-5000 5000 -5000 0 0 0
-5000 5000 -5000 0 0 0
-5000 5000 -5000 0 0 0
-5000 5000 -5000 0 0 0
-5000 5000 -5000 0 0 0
-5000 5000 -5000 0 0 0
-5000 5000 -5000 0 0 0
-5000 5000 -5000 0 0 0
-5000 5000 -5000 0 0 0
-5000 5000 -5000 0 0 0
-5000 5000 -5000 0 0 0
-5000 5000 -5000 0 0 0
-5000 5000 -5000 0 0 0
-5000 5000 -5000 0 0 0
-5000 5000 -5000 0 0 0
-5000 5000 -5000 0 0 0
-5000 5000 -5000 0 0 0
-5000 5000 -5000 0 0 0
-5000 5000 -5000 0 0 0
-5000 5000 -5000 0 0 0
-5000 5000 -5000 0 0 0
-5000 5000 -5000 0 0 0
-5000 5000 -5000 0 0 0
-5000 5000 -5000 0 0 0
-5000 5000 -5000 0 0 0
-5000 5000 -5000 0 0 0
-5000 5000 -5000 0 0 0
-5000 5000 -5000 0 0 0
-5000 5000 -5000 0 0 0
-5000 5000 -5000 0 0 0
-5000 5000 -5000 0 0 0
-5000 5000 -5000 0 0 0
-5000 5000 -5000 0 0 0
-5000 5000 -5000 0 0 0
-5000 5000 -5000 0 0 0
-5000 5000 -5000 0 0 0
-5000 5000 -5000 0 0 0
-5000 5000 -5000 0 0 0
-5000 5000 -5000 0 0 0
-5000 5000 -5000 0 0 0
-5000 5000 -5000 0 0 0
-5000 5000 -5000 0 0 0
-5000 5000 -5000 0 0 0
-5000 5000 -5000 0 0 0
-5000 5000 -5000 0 0 0
-5000 5000 -5000 0 0 0
-5000 5000 -5000 0 0 0
-5000 5000 -5000 0 0 0
-5000 5000 -5000 0 0 0
-5000 5000 -5000 0 0 0
-5000 5000 -5000 0 0 0
-5000 5000 -5000 0 0 0
-5000 5000 -5000 0 0 0
-5000 5000 -5000 0 0 0
-5000 5000 -5000 0 0 0
-5000 5000 -5000 0 0 0
-5000 5000 -5000 0 0 0
-5000 5000 -5000 0 0 0
-5000 5000 -5000 0 0 0
-5000 5000 -5000 0 0 0
-5000 5000 -5000 0 0 0
-5000 5000 -5000 0 0 0
-5000 5000 -5000 0 0 0
-5000 5000 -5000 0 0 0
-5000 5000 -5000 0 0 0
-5000 5000 -5000 0 0 0
-5000 5000 -5000 0 0 0
-5000 5000 -5000 0 0 0
-5000 5000 -5000 0 0 0
-5000 5000 -5000 0 0 0
-5000 5000 -5000 0 0 0
-5000 5000 -5000 0 0 0
-5000 5000 -5000 0 0 0
-5000 5000 -5000 0 0 0
-5000 5000 -5000 0 0 0
-5000 5000 -5000 0 0 0
-5000 5000 -5000 0 0 0
-5000 5000 -5000 0 0 0
-5000 5000 -5000 0 0 0
-5000 5000 -5000 0 0 0
-5000 5000 -5000 0 0 0
-5000 5000 -5000 0 0 0
-5000 5000 -5000 0 0 0
-5000 5000 -5000 0 0 0
-5000 5000 -5000 0 0 0
-5000 5000 -5000 0 0 0
-5000 5000 -5000 0 0 0
-5000 5000 -5000 0 0 0
-5000 5000 -5000 0 0 0
-5000 5000 -5000 0 0 0
-5000 5000 -5000 0 0 0
-5000 5000 -5000 0 0 0
-5000 5000 -5000 0 0 0
-5000 5000 -5000 0 0 0
-5000 5000 -5000 0 0 0
-5000 5000 -5000 0 0 0
-5000 5000 -5000 0 0 0
-5000 5000 -5000 0 0 0
-5000 5000 -5000 0 0 0
-5000 5000 -5000 0 0 0
-5000 5000 -5000 0 0 0
-5000 5000 -5000 0 0 0
-5000 5000 -5000 0 0 0
-5000 5000 -5000 0 0 0
-5000 5000 -5000 0 0 0
-5000 5000 -5000 0 0 0
-5000 5000 -5000 0 0 0
-5000 5000 -5000 1 -1 1
73
3343 -2458 2031 569 -2813 -2222
-3266 4368 -1560 3575 -2526 -1170
4318 1842 -3173 2000 -3224 4969
-1325 36 -788 3955 2532 -1014
92 -2686 3225 -487 -667 2752
-1748 -4527 4808 3334 -691 -639
-4700 1149 -3288 -2101 360 -3774
-1187 -1192 4485 -3371 -985 4275
-1046 -4641 -3361 2813 2815 1490
1401 30 3412 941 -2791 -2532
-3664 -3743 1717 -1060 3670 1699
1017 -1387 -1856 3118 2484 -2922
-2965 -463 908 297 -3925 2339
2782 -540 2590 830 3584 3963
77 3896 -2926 -3615 -4955 -70
-3774 2837 -3119 330 -4447 -4802
-1446 3641 3794 -3311 1091 -2126
1496 4975 -4081 -785 -2267 2395
356 2256 3950 3351 3623 -4510
-4426 3776 1759 -3283 4800 3536
2029 -412 -1472 4543 1149 1994
329 -2236 -1878 4118 1544 724
1557 3328 4401 -2767 3624 -4570
-192 -2521 -153 -93 -4801 -3611
-624 -1916 3835 3866 1038 2366
1152 -2823 3145 967 851 4664
1730 4247 -1081 -598 -2757 -2985
-4002 -1104 -2943 3620 1427 -2640
-41 -3878 2997 4023 -3057 -4157
-3869 -46 3332 -1783 -3082 2766
-3079 -4074 -730 4945 -1479 -1838
3147 594 422 4806 -1509 3548
1510 4003 -413 3374 3800 -2202
-467 3036 3245 -3617 -4148 -1482
2433 -2405 -1769 -2075 2727 2232
-294 -2974 -3308 1836 -737 -2682
-1133 -2829 -4085 -486 2259 9
-40 1093 3280 -4220 -593 -2872
-2134 2916 -3774 -2111 -2444 -1933
-2592 2166 -909 -522 692 -3024
-714 -1109 -1747 2947 -1553 2663
1435 4209 -3147 -2912 664 -2726
3442 -4270 -1465 -3229 3177 1885
3234 -3647 -2413 4969 -3968 1504
-714 367 4416 -326 3612 -266
4349 2325 -2715 -485 2669 -1123
-2454 2060 -1062 3831 81 -1695
4479 -4160 -2289 -998 -4614 900
-3430 -103 2752 2474 2331 -506
-1134 4871 205 -2390 -3074 3021
1574 1066 -1611 -140 1213 4415
-1580 4114 -3562 -4193 2586 -1833
4102 -295 3838 -404 -220 -550
-800 3870 920 -4488 -1747 1927
-4521 -2371 -4820 -3479 1798 3908
2249 -1628 -2849 -2054 -4340 4564
1746 507 -2721 -3042 -192 4910
-1277 1229 1656 -2690 -4230 -229
257 318 -1368 2078 3623 -3061
2013 -3668 3503 -1526 3017 2136
-705 -2706 3877 -2221 -54 -905
-4000 3063 -1273 4552 1214 1398
2315 -4663 3620 -679 -1839 -1838
1636 4703 1756 4912 -2544 -2640
221 2128 -852 -1687 3480 340
-3695 -1451 68 1363 2938 -2773
2870 2736 -1752 -3280 961 2408
2104 -625 1361 -3449 924 935
1017 3401 -2818 2715 -2246 -4705
3659 -2442 -1427 -626 4963 3287
3301 -4998 2999 -4977 -1360 1037
-4839 -4452 -2526 -4210 1461 -3070
3804 -639 786 -1480 1371 724
38
-2485 3368 1146 -3249 4027 -1677
131 -936 -3122 -1896 -99 2638
2330 4849 935 -2441 -253 -734
23 -855 3174 1893 -1511 -4539
-1812 -3679 2746 -1778 -3298 -240
-557 923 -1195 -215 -3925 2478
-2515 -1000 -1139 206 -1501 -3741
199 2462 -1233 229 -1492 849
4159 3560 4409 -3789 2268 2766
-891 -1172 -2136 2982 -1689 -3378
-1945 3975 176 3016 3999 1734
-1646 -1142 -1199 -348 -953 1751
314 -2839 3417 337 577 -1661
346 2402 -1089 -2010 929 -287
105 -1884 -4055 2765 -4306 -1115
3324 -93 -1934 2446 -2495 -2357
-2840 1300 1964 303 1103 -1102
-3546 -1897 1048 -2864 4759 276
-4645 -3405 -2633 1947 -3846 320
-1396 1583 -2044 1804 -259 2863
-4135 -1271 1983 -2168 1907 1354
-1412 610 -4665 -2257 -4471 3705
-1195 2138 2040 1894 4526 2486
-476 2824 -612 1094 4526 -1067
3602 1577 3719 -2711 274 -2494
-1883 -852 -456 1072 407 2187
2985 -425 1016 -2803 1730 1994
3014 -2464 1812 3757 -367 2291
1517 -4412 -2169 529 987 -786
2422 -4446 -970 3397 -4022 4172
4163 317 2219 -1387 -96 -1255
979 124 -4190 38 -3556 -2287
4308 -870 497 1424 448 -1194
227 1957 4280 -2394 3042 2864
-3944 -4698 -4084 -2332 3372 -3404
-401 -1495 3795 -1074 905 -2117
-1036 4792 1538 2696 480 -918
1948 219 -3257 3172 -1734 -214
33
1663 2021 -3504 4586 1499 31
4253 -3085 -777 -825 1897 -1648
569 3397 2831 715 442 481
-2322 -3122 -4741 -404 2418 1066
-1686 915 -711 -2007 1292 1667
-574 -3456 626 1264 -4614 2785
-3727 -2251 -801 3595 631 -4381
-927 2470 21 3169 1808 -3402
-911 4808 2932 3994 3604 3703
4925 2263 -2126 1327 -2884 1396
-2570 -1561 4421 -1685 -855 -4358
1589 804 590 -885 -3902 -4082
-4301 4805 3042 2898 -1706 4310
-1304 -3554 4677 -2804 -3064 3657
-2310 198 -458 -82 -3601 -3434
-2106 -3132 -4502 -2783 3062 -1994
-3701 -1475 310 -2814 -2452 -3137
2576 -2600 -1116 -3903 1805 767
440 -760 -568 -3994 4458 3683
-3425 -671 2589 -3772 1401 3365
761 1409 -3431 918 3721 -2949
2492 1939 2100 -1130 2343 -4992
1487 3340 -16 2590 1347 1538
1273 -2834 1694 1097 -4538 435
4276 -2632 -2263 2812 -3537 -96
-2652 -2157 105 177 814 -739
-1261 4990 -3059 -229 1262 1496
-755 223 -1769 -541 4822 2059
1543 -4327 500 -2686 -758 -3513
3785 -2477 1973 3251 -2675 2470
1888 4393 4410 -1132 2311 -63
224 -4432 885 -28 -1458 2298
2742 4455 -4644 -1179 -4409 1800
18
-3614 -4703 4338 -1745 -696 617
3344 -1591 22 3017 -3401 -4879
-4426 2530 3674 -3172 578 -1809
-955 3386 -3077 4494 3792 2144
-236 -1764 -1114 -2492 -3243 -1667
1231 -3623 -3840 -1130 1231 2349
-3006 -370 -4561 3564 2808 1623
898 -171 204 -4784 -514 2042
1225 34 1400 -4307 38 -4038
3299 467 -620 4988 4640 1020
1155 1048 -1395 1766 -933 3656
-308 4077 -993 1250 -1430 184
2715 745 2630 1037 -1231 -2208
-4581 729 1688 -3463 -1621 2944
1126 4934 3237 -889 1811 148
-190 -4940 -1591 -1900 -1731 -538
1954 1998 1452 -984 -4801 -2392
552 -100 -1251 4614 3216 724
32
-1807 -2489 -401 -4739 -4626 -1326
1996 1370 -2125 -3835 -2231 -213
1837 700 -2737 3639 4475 3755
1694 107 -1069 -3806 3903 -2570
-2145 -3738 -2821 -3931 -1295 706
-1271 3874 643 2566 777 911
345 1455 2302 408 4444 -2799
-96 -4968 -2339 2216 3203 4004
2985 -2209 4394 4504 -140 2544
-243 1024 -2025 28 -4174 -3560
1417 784 917 2944 -2662 -1826
1498 1606 2533 -1279 603 427
2043 2565 3597 2367 3136 -429
-1597 2833 2843 3008 -2969 46
3986 -3376 -733 -1134 927 1905
4392 4603 -3317 2549 -3741 -4963
-783 159 128 -2752 2467 1792
-1833 -4556 -210 -1264 2883 -599
-3917 2864 306 -1573 -1410 -2607
-2640 -3377 -1621 -3415 1322 -2246
-2136 677 -3538 1431 -279 1424
-1781 -2304 -313 2820 4253 -389
-1977 3446 -124 -4585 -4605 -2096
-1679 -1047 977 426 -4530 -412
1709 808 -822 -2912 1239 921
-3685 -4270 803 -1777 3819 1900
-745 1828 2026 4587 910 674
4848 4278 1643 -1396 -1633 4621
-880 -3452 3968 2445 3315 -984
584 1037 -4038 -1494 -1484 1490
-155 672 4004 -202 -1483 -1369
353 -1851 -1921 3894 -3727 601
16
-1836 -1869 -1538 2504 635 291
-3560 4604 3282 -3974 1784 1186
3327 1906 -1596 4563 338 4872
1958 -2913 -1635 2068 -492 -1371
-1071 -1154 2990 -1881 -2835 3461
1026 2477 -1284 -4204 -1066 -771
-705 -967 -1307 2290 1328 4124
4214 2922 3650 1502 672 -4081
-205 740 -2908 -4516 3511 -1014
642 -4086 47 4161 -3725 -4628
592 -540 -3396 4003 3144 2443
222 2147 -444 3375 1744 -4025
-4662 -2575 4577 1236 -4829 1007
1162 -2235 -2887 -4540 2701 -1352
-2974 -2485 1292 -3787 -1328 -1788
3444 1978 -2793 -3345 -903 3026
35
3953 132 -744 4971 1158 -4146
-3271 2437 -3808 1393 2109 208
-1100 -910 -877 2570 -372 4446
628 791 2804 -68 -130 -1208
-764 3500 -488 3836 2241 760
4317 3500 -4062 -3914 4884 -4661
-2453 -2145 -4706 -4517 -332 1078
-664 3741 -3024 -787 -1221 1940
3051 -2407 286 -3322 4678 652
2374 29 2691 1747 255 -2423
-4739 -2355 2163 3039 3579 3788
975 -1132 3900 4781 -1615 -3879
2618 201 4994 -4970 -3842 -2195
1046 1792 84 3648 791 1734
628 4357 -2511 -497 -2787 -1820
3464 -1275 1064 -564 656 -478
-4240 2478 -2472 -1638 981 -3285
2940 1687 -608 -778 2733 3158
-4562 -4119 1298 3228 -2470 544
3318 416 -818 -1439 -1062 -4612
-3497 -2394 -2342 809 -2956 -3286
-472 -558 4062 -3447 -4589 -1776
-2804 428 102 45 -3754 3654
-2210 -2992 1172 2473 2422 629
4025 425 -15 2205 4952 -1312
831 3153 -4390 -244 -1751 -3128
742 -3449 2368 3292 -1243 2077
-621 -2366 2564 -3210 -663 4671
-1995 -718 -4059 -4419 3163 -4045
-1941 -2699 1992 -584 -1708 -815
-1312 -1904 -2262 174 2852 3605
1674 -3196 1593 1894 3797 4011
-102 3820 -1088 -3894 -3405 1909
1931 -1838 4976 570 -3483 1460
-3724 2505 -742 -344 -2795 3691
44
904 -1686 1884 -175 -1614 -443
996 -4130 2787 -3085 489 1487
-4725 782 -1506 -3625 4958 106
-2008 -391 4144 3871 -548 -2267
-4697 685 -1592 2470 -3782 -4098
1945 2574 -460 615 8 4112
4063 285 -375 4641 3330 -3968
-3377 175 2063 -3343 2877 4950
4330 1401 69 -943 634 506
-215 2051 2686 909 -1962 -485
-3428 -3124 -34 4188 -4938 175
-3332 -2095 -806 -329 -992 -36
-2082 4123 4051 161 -703 -2990
-1813 -305 2349 1128 4077 3729
-1979 1854 -936 1479 -1728 -1108
-1070 -4761 2114 -1708 821 -4645
2212 -4687 -2418 -1383 -891 3063
1692 2987 -4442 769 4268 4616
3413 -2671 -4724 -3612 -2778 -1854
3738 1805 997 -1731 1659 3333
574 4031 -1536 4397 -1037 -1730
4704 3416 2527 2614 -554 3861
2298 -2353 530 669 1809 -3015
-2591 3256 -4233 -2766 4921 4959
2593 -3237 -628 417 1894 -160
-2738 1548 349 -1730 -228 -3310
-4127 -1556 -2010 -2542 -4803 85
173 -2240 -4770 1216 -3818 -1259
-461 2376 -2587 -2439 625 576
719 659 -2739 487 -1495 4837
4734 -1579 1863 -1333 -3026 -815
1808 3899 3116 -3568 3657 -3025
-1539 2614 2824 2025 -2308 829
-2796 -3414 3135 1176 2791 1887
-3003 4551 -3891 928 -901 -1995
-1135 2365 -4405 2987 3440 -142
-359 -4825 1278 -1200 -3177 -3935
813 775 756 958 -2099 2675
-4079 -2964 -3746 -3158 -4557 -2426
166 -3403 4471 1557 2204 3956
1820 -3015 -830 -3599 284 -4218
2034 366 1026 2724 2096 798
-91 1553 -1235 2848 2145 -4869
3547 3805 4165 -1995 -1676 2513
20
-1111 1170 1816 3255 2302 -1447
-4920 1822 3646 -4979 -1320 1010
3183 -4427 -4545 -2936 -4017 266
2476 -2062 3938 -1001 -4054 1451
-4482 1141 104 -3870 -4069 -560
-3416 -1439 -1805 723 142 489
-1158 1976 3122 2854 3152 -3154
4633 1469 3000 -1299 1173 4780
3100 3590 -3710 4840 -1708 196
3243 1938 -4438 325 3205 1924
-1903 -1898 570 -4656 4800 -1757
-2379 4109 393 3924 -2888 -1919
4152 -3567 1926 -3114 1585 -3383
-3521 396 -4146 -765 -471 543
-1262 3859 2234 4898 415 2064
-2086 -2880 -2724 -2586 2798 -2150
3110 -869 -2732 2665 3367 852
-1490 -2579 4071 4860 -3408 1435
1954 -1715 -995 -1120 1762 871
505 -1588 688 -1420 -2135 -1705
18
-1414 -1454 406 -2958 3174 -718
-2138 -1368 -3075 -2568 -3899 -2505
-1917 2105 111 -2674 -4349 -2205
3255 2112 3194 -252 4878 2054
-4220 -1102 -2731 -582 -768 88
762 -3847 1194 2741 -2376 1723
1876 1422 -4825 -1945 -2386 2565
1494 1248 -2968 177 4037 -4182
-2238 -2836 34 2492 -975 -1864
-2265 -1365 828 3620 1770 -1053
3069 4113 -423 959 2561 -1265
1031 -3624 4119 1059 3747 -1768
927 2222 363 -332 1557 4167
3106 1996 -815 2535 -4104 875
-3005 -4948 3464 -1082 -2724 4922
-3015 2505 1104 -716 -2555 863
88 704 -4524 2164 75 746
998 218 3378 -878 3238 -1916
11
1113 4425 -1810 -60 1762 -3691
849 2037 2574 1318 -3638 712
-1618 -1443 1487 180 -874 1786
-2731 2313 73 1339 2552 3587
1722 -4376 -4881 2194 3265 -4409
976 -3286 -4029 837 -1616 3448
4314 606 2537 -4547 -1802 626
-3120 3396 862 551 -2918 51
-20 -2538 2489 -1786 2108 -1081
2393 -2303 -3015 193 -977 -1328
-2374 3200 2945 -394 1885 406
10
-339 -1309 484 -1778 -3440 1550
2647 872 -4363 -1788 -1595 1995
-2073 3166 1497 26 1548 -1005
-85 101 -3999 2002 915 -574
3610 4858 2476 -1812 -2786 -1350
-3945 -869 1206 -621 4988 1498
1193 -1755 3012 1840 2477 1642
3222 532 3914 13 -4133 -2211
-4627 439 -4984 3413 -738 1167
-1658 -4251 1773 -314 1835 -3246
13
1257 1125 -168 1048 3761 3189
-2864 864 -2526 317 3813 1403
769 -4446 -2378 -2517 27 655
4573 1994 -3089 -1678 1845 -2720
-1271 1211 4683 4154 -2107 -3159
488 415 2796 -2331 -1580 -2917
931 916 -1860 -3966 2042 -3087
954 -1483 4176 1696 -652 3715
-4618 3489 1700 -498 1245 3858
-300 -4909 247 -1106 -3562 809
2219 -1059 -3640 4286 -778 -3858
-791 610 -2231 2941 -2090 -847
1273 -1764 3348 -2939 -1272 2672
73
1240 2994 1629 2267 -3457 1810
-3403 3816 4041 -1159 -348 3337
3220 3013 -1038 2384 -4447 -3004
-2343 4529 70 3538 1936 2783
-4645 2072 2679 -4625 -4281 -1325
-2856 3897 2740 195 -1102 -2189
-1304 3870 1526 2282 -726 -2664
-1976 4733 512 3327 -3827 -4036
3294 754 4624 2273 845 86
-2262 -4208 1119 371 -3581 1598
1897 2004 3350 3401 -2836 2573
2450 2667 -166 3242 4241 807
-3577 -3560 -4120 2533 -1572 -3058
3731 3307 -313 1477 -1599 121
1559 234 -3159 -4262 3352 1256
-1333 1364 -1703 -837 -366 3559
-348 2926 2880 1015 -29 -4754
-3575 -1081 379 -562 3351 664
-3293 -1079 -544 2291 -4904 1346
-3299 -4954 -3680 1895 -1727 -1605
-1421 2086 -3109 997 670 -4209
880 3964 -3258 -1281 -4318 -127
3279 -1441 1289 850 -3436 2773
3545 1885 -4250 1064 -1318 -2703
4924 -3985 3173 -2963 -3722 -4913
4882 2395 3322 -3288 1759 2751
1127 1553 1773 2969 3848 -4369
1537 481 -3772 -341 3765 3523
-340 2401 -654 1227 2082 -691
4853 -978 -3384 -1783 -1787 -2661
-3762 3016 -267 -4489 1439 666
-3397 -2008 2275 -2710 1181 1722
311 -103 -2697 213 -845 3665
-1755 -577 3337 710 470 1122
-1045 726 -3980 3713 4903 -126
3083 -4520 3308 -1348 -1615 2247
-140 -3554 -1304 -3456 2300 -3072
4120 -1186 -1944 1269 2454 1320
-4727 -2108 3904 4036 -2739 -727
-4149 -2183 -91 -3158 2981 -274
-584 4322 3731 160 -2699 -2501
2648 1858 -3179 -2516 832 -742
-544 2774 3025 -1624 4164 -4489
-3351 -3133 -2526 3648 -1025 -719
-1838 1111 2520 3143 3837 3211
777 -3362 3369 -2099 -4765 -2623
-4566 -1201 -2971 -2932 3952 -610
-2710 541 4008 3987 2612 3478
996 -4036 -2761 2577 4567 3031
-1570 -1070 568 -3423 -777 1387
1028 -4944 541 -2934 -2310 2646
3609 -780 3922 -3850 650 3194
2454 -4392 -3400 -2189 3613 1935
1124 110 -2671 -2293 4964 1685
-1182 -1577 1379 -1226 -2731 3788
225 -847 -1003 48 -1874 -305
1622 -387 1827 -3338 -4016 -149
4241 -2251 -4548 358 -1874 4558
683 -1050 -3381 3912 -764 -3687
-4433 127 3064 -1331 1686 935
-805 177 -2526 -1615 184 -3431
3099 -3075 342 3605 186 -4608
4327 -4458 -3385 2591 -1772 -4229
-858 1859 3501 -4132 -147 2567
-4482 -2973 1786 4383 803 -112
1690 2428 -4372 -4169 -1101 -375
2036 -1676 3735 -800 2084 1980
-987 -368 2312 -2429 4941 -3413
-1592 -3008 -1345 -284 -4408 -1895
-2342 2324 -1658 -340 4263 4494
416 1335 -4685 -814 -794 1105
1951 -2382 789 -913 -2371 2776
3765 3168 -694 3429 1793 -2251
32
-2670 -4990 1885 3772 -399 -3679
-2749 -4795 1622 1754 2623 -3743
4086 -1664 -2560 570 -446 4525
130 982 735 627 1410 1564
-3554 1593 -490 -159 878 4676
3398 -4426 12 -857 2663 -1775
4560 2434 -2819 -3617 1665 -1022
-4390 4043 3459 539 -2482 -1203
4530 -682 4896 3836 -2001 1480
640 -645 -2527 3440 -2182 1523
-959 -4857 1477 3908 -4702 1996
-2084 -109 1086 231 -3302 -1648
949 1322 3620 -1410 4203 -4914
772 3566 272 4562 4185 1806
878 -3662 -636 -2659 1199 3291
-324 -1343 276 3898 3136 2223
1404 -72 -1156 -1743 -332 2663
2159 -999 -3245 -4132 -4954 -3701
2479 4782 1257 -4857 -473 4287
-1974 348 4256 3361 1253 1962
3292 -67 -3077 -1231 -1831 -2612
-716 2479 -1149 -1688 -817 -4733
-2753 -1017 3581 2538 4768 1612
-3602 1711 -2007 1975 -3658 -4432
-4601 -3025 -2875 -4424 -3005 -2776
1052 4551 -1239 -3734 4993 -270
1944 3482 -3971 -2961 1142 2168
-1909 3623 2604 -1257 1432 2025
926 -1456 -314 4281 -740 -1901
-1955 43 -373 1101 -3105 254
2967 1876 -4419 -2460 2253 -1308
-2206 -4082 2419 -3309 -3770 1887
36
3748 2195 -1346 -3051 684 1152
-1237 2386 -2176 3010 -449 -1244
-1014 1936 -480 -4144 -4503 -2094
3649 3095 2215 -236 -1427 -1361
3168 -3785 -2112 -4473 -459 -2920
214 -3284 -4114 -4576 -2920 -262
-1804 -1761 -676 -227 -1798 2431
-1529 477 2354 -653 703 168
3327 230 2634 -3984 -597 -2510
114 -1232 -2049 -1160 1981 51
1490 -3324 -832 2481 -3413 -1361
-3529 -1759 744 385 -1134 3628
4353 -4561 425 -1848 964 -3591
484 1712 3126 2255 1839 -1052
-2394 1977 2437 166 -1681 -1818
-3901 3199 1001 3765 2444 -2683
-1928 2221 162 3225 2772 3289
-1825 -2134 -4345 4619 -2106 -411
-774 906 295 -1726 2226 -3861
701 -2672 1606 -3281 -3385 80
-4063 -3294 1575 2704 -3052 4345
-182 3422 3094 -1209 -105 2704
-3304 -3509 2594 -1319 -692 340
4074 4357 -4161 -236 -2353 -3327
-3607 -3244 -648 -4285 -145 1527
-3645 3206 -774 4450 572 3219
-2749 787 -2664 -2982 3467 972
-1356 4817 3717 2686 4676 3269
690 -3390 -2625 3716 2538 -1679
2474 4758 -2205 -962 1693 -2817
1043 -4155 -2962 1301 -3449 4849
-1707 4723 -1057 1845 1800 -793
-62 -2869 -53 -3663 2726 2845
4794 -3587 1636 4590 -3174 437
3880 861 2402 -573 1907 -3882
1049 1001 3318 1838 3514 2424
6
-1304 640 2496 -102 2710 349
-1800 -910 3078 2779 -1920 1819
4566 4542 -1153 -3365 -2101 -256
-3491 -3134 -2487 -2455 2347 -2195
1646 1020 944 4875 1040 -1264
1559 -2046 -3942 -52 -1916 27
30
657 1707 437 -2458 526 3165
2907 3716 1587 -2995 2418 3810
3266 591 -4055 -3427 -1513 -148
2318 -30 1029 -1075 -1070 2280
-1332 3424 2468 3294 -3147 4191
2043 -2734 -3850 -2715 618 3630
-2586 -2802 1986 4808 2966 -4144
2795 -1161 -3818 -231 3851 1382
-3741 -4879 4299 4335 -954 -3494
-4559 -3752 1182 -1473 1101 78
-706 -1303 -1380 4805 -392 1290
-2877 -2625 -2006 -1970 4286 1038
-1516 2684 -2718 -674 -171 -2817
1879 -1375 4903 1979 2141 -4695
-2250 2898 -1296 2647 4996 -1285
3087 3194 -863 4160 -3759 1015
-285 1963 -60 70 -2380 764
1884 -2160 -3326 -2018 -100 -2758
99 4038 4476 3643 4105 2062
4176 391 -2652 -3089 -3616 2857
-3233 2368 2637 4177 -3266 -98
474 4175 894 -3685 3529 -2849
104 -4024 -3115 -1243 -2585 -3435
1920 3073 2385 3190 -2181 2864
-4388 -3067 -189 -3932 -4394 -826
-2375 -1975 2439 -3315 3250 -2686
-2217 4375 -393 -2613 885 -2843
-1629 -4032 2222 -4756 2391 2842
3111 -3703 -994 3117 -3412 -3101
3379 1245 -2619 2011 -3815 1365
41
-1246 -2913 -3343 -1729 3183 4245
4492 1516 -2577 1169 1777 2911
-179 -2052 1230 -4278 2448 -268
-4838 4614 2651 -2817 -342 1771
2654 -1625 3210 -2481 2582 1233
699 1613 2305 4570 -420 2426
-1960 1361 1788 -2169 1140 3177
762 3405 -1239 3131 3376 -940
-3431 3677 2694 1896 3363 -2933
-4338 1428 -3857 1141 3586 -4180
1843 2536 -1605 -1435 744 -1658
1489 -620 2042 -3716 2601 -4564
2863 -4408 -700 -1178 -889 1200
253 -3855 2499 -4141 -3419 342
2835 -4243 566 -2692 -1149 -4409
4753 163 -1920 486 830 4402
1890 -204 3871 -1960 -1876 -872
-4454 -1916 3352 -2618 2567 1398
1379 -2269 2122 -64 132 4120
-4489 -3446 -2678 2688 -3112 -1274
2085 2854 -3718 -1483 2784 1655
2519 -2423 -2694 4970 -2389 -141
-4909 2636 887 3298 -3925 833
1727 4177 -4946 2669 -1216 4223
2997 -1240 3775 -2368 -4672 -1905
-1278 4880 2325 -2517 -2904 4158
1207 -2953 -2816 71 246 234
-1824 -3998 3261 515 -3242 -3472
-3291 3084 -3767 -1202 -3121 -4386
481 2438 3409 1711 2052 1315
4054 -2896 2606 2801 4923 -712
-2146 410 -2597 -1196 -4280 2603
-3327 -3564 4181 1091 -2267 828
-4221 3661 -4462 -3084 1244 -54
-573 1240 -1349 -2695 -1893 1407
4418 330 -4553 846 -1713 -3861
3918 3789 -1844 3335 -2141 -266
-4060 -3673 -440 2960 2057 -4545
166 -640 1179 -975 2415 61
4326 -3048 -1681 4675 562 -3168
-3657 1601 2842 1816 -979 -913
45
1914 1737 -664 1460 2993 2579
357 -2530 -1696 -1924 -2718 -533
-25 3811 4149 3977 -2596 746
1217 1184 -3541 529 -1438 -2533
4363 3347 617 -1675 -3690 -2353
1075 -2930 3452 1255 -2629 -4941
-1098 -2522 -1999 576 -4774 1488
4317 -3697 311 528 213 717
2614 2608 -1163 -822 342 -274
286 -787 -1665 -669 2199 2836
2213 1241 1510 2164 628 2429
-4096 -1821 -3783 -375 335 -4780
-1315 -17 3368 4207 -1805 -3865
-3785 3963 -4572 -875 4531 4002
2007 -955 -2644 2542 -3321 -2803
4870 -916 1513 -1000 -4370 4586
-354 -4270 183 -4921 -459 4476
11 2236 -1618 -1858 -1643 3404
-3570 -2679 -340 -4306 1263 3846
462 321 -238 -2948 2152 2987
3702 -4808 453 -3482 4519 -4369
-2465 2846 -966 -3975 -4186 -2971
4540 507 -2158 4138 -929 3745
1902 -1259 4962 3450 4508 1428
-4308 1870 1357 2842 -3194 2246
1622 -2340 1120 -1824 -482 -3073
-2324 3584 -1706 -1038 267 1812
-2052 2842 1274 535 4858 -99
-1579 -3219 838 4949 2655 -2558
-1230 -4046 1471 25 -3196 1745
-2784 -788 4816 -3472 2376 -4240
-3698 2498 -4178 2364 -3037 1547
-802 3149 -2521 -2314 4095 -127
3217 1707 3762 -4939 2076 -3367
-1278 2859 -2717 2459 804 -2526
-1773 -2327 1263 -6 3167 -948
-949 -1845 2464 -2580 -3772 3122
149 4136 -464 -1094 -2295 2168
-1804 -1800 -1538 911 4811 -3474
472 2767 -1145 3908 2629 -1443
3134 -80 3120 -2546 -1561 4910
201 -2105 440 1389 -2055 -3158
958 -4289 331 340 -773 -1724
-897 2289 -1690 1385 851 3095
-4113 -1064 -1344 2449 2054 -4346
5
-4145 -298 2213 2902 2079 4107
-1680 -1548 -2395 1627 171 -2079
1063 2050 -2815 157 -1436 -1012
4714 -2000 -1333 -362 -2346 1137
-400 2708 3314 -4436 1760 -2407
5
-2622 162 -430 -2150 -4267 2276
2942 -2158 1771 890 4641 -373
1098 3054 186 2724 -978 -1065
-3994 -2180 -4661 -1224 -3683 661
2587 1163 3292 -130 4697 81
39
-1311 -2410 -2859 413 -4542 3873
-4561 -2700 -601 -1738 2744 -2634
-1360 4027 -3086 4093 -3345 -987
4605 -4091 -2693 -2431 -1909 -44
-342 -3794 2550 4519 -3685 4045
1266 3973 3864 -458 -3059 4299
1070 -84 -2978 -2658 438 579
1251 -1176 895 3101 -953 1200
-4468 927 -2070 -866 3701 -2391
-3221 2058 -640 -2314 562 -4221
-2629 -278 2713 -4257 39 2515
3428 -3547 -21 -885 -4474 -280
257 -3227 30 -2977 -3722 1116
-3965 2644 -1727 -1548 -586 -3459
-2782 887 -644 -2587 3858 -3439
4962 -2387 -2594 2618 4409 4040
-1273 -1176 2363 -2302 396 -1499
-3964 -1860 -170 2792 1947 -4424
2304 58 103 4492 1456 3985
-103 3488 2769 -999 566 3523
1254 -1969 860 -3099 3962 2161
-2195 -474 -2174 2485 -3081 -770
-3273 3785 1510 -1070 1529 -2593
-750 -1 -2546 1401 146 -4374
-1752 4188 -662 2651 -1087 -649
1901 -217 -1423 -155 1544 -957
4199 -1526 4264 2385 -2388 1359
2285 2210 886 -1139 -169 2822
-272 1704 -4251 -793 -1822 -1424
3338 -3404 -1045 1820 398 2075
4442 3178 212 -2845 1003 1474
2378 3442 3893 4390 2597 -3313
4479 1943 3341 2018 2765 -839
-2068 -829 196 314 1455 517
2217 3871 4472 -193 4872 -1974
-1229 -2179 -3416 -3022 -3060 2926
-3484 1803 1508 833 -2198 -3073
837 -2710 2269 -3180 -851 924
-1647 -4003 -3021 -393 1840 604
14
2 -2 1 0 -1 -1
-1 1 1 0 -2 -2
2 -1 1 0 0 0
-1 -1 1 1 2 0
2 0 1 -2 1 1
0 -2 -1 1 1 1
0 2 -1 -1 2 -1
2 -1 1 -2 2 0
-2 -1 0 0 -1 -1
1 -2 -2 1 0 1
1 -1 0 1 2 1
-2 -2 2 2 1 0
-2 -2 2 2 0 2
2 -1 1 -1 -2 -2
55
-4 3 3 2 -3 1
-1 3 4 2 1 3
-1 -1 3 -3 -2 3
-3 3 -3 4 1 -2
-2 -1 0 -1 -3 1
-4 1 -2 1 -3 4
-4 -2 0 -3 -1 4
3 -2 -3 4 0 -1
1 -4 -3 1 3 4
3 0 -1 4 1 0
1 -3 1 1 1 -2
4 -1 2 0 4 -2
2 1 -2 2 -1 2
4 1 0 1 2 0
4 -2 0 -3 -4 1
1 -1 -2 0 1 0
-4 2 -3 0 -4 2
2 -1 -4 -2 3 1
-3 0 0 -3 -1 -1
3 0 2 -1 -4 -1
3 4 -2 -1 4 -2
2 1 -4 1 -1 1
-3 0 -4 4 -1 1
-2 1 3 -1 -3 -3
-4 -2 1 1 -4 1
-2 2 3 1 3 2
0 -3 -4 -2 2 -4
-1 -2 1 1 4 2
2 3 2 4 -2 3
-3 0 0 -1 2 3
-3 -2 4 1 -2 1
1 4 1 3 3 4
-2 -3 -3 0 3 -1
-1 -2 2 -3 1 0
1 3 -2 -1 2 2
-2 1 0 0 0 -3
1 4 -2 -1 4 2
-2 1 -2 -4 -4 -4
4 3 -4 3 3 -3
-4 2 -1 -2 0 -1
4 2 4 -4 -1 -2
1 2 1 -1 -3 3
2 -2 3 -4 3 1
-4 4 -2 -3 -4 4
3 3 -2 3 3 -2
0 -2 -3 -2 0 1
-4 -2 -2 2 -4 -2
3 4 -2 0 1 4
1 1 4 -4 -1 2
-3 -3 -3 2 2 -4
3 -3 -1 -3 1 -2
1 -3 -4 4 2 2
-4 1 -3 -4 3 -4
3 0 0 0 1 3
1 2 3 4 2 0
35
-4 6 5 -2 -2 4
6 -1 -2 3 -1 -1
3 -4 2 -4 0 3
-6 -4 6 2 -3 -4
-3 -3 -3 3 2 1
-1 3 6 4 3 -5
-3 2 -3 6 5 -2
5 5 3 3 4 5
-1 1 0 3 4 -3
-4 -2 2 3 -1 -2
4 4 -3 -2 2 -2
-5 5 6 3 0 -6
6 2 -1 -6 3 -5
1 -6 -5 -5 4 3
-6 5 -3 -3 0 1
-5 0 3 1 -2 4
-5 6 2 5 4 -1
6 4 -4 1 3 0
-5 2 5 1 -5 1
-3 3 0 1 -3 -5
-1 -4 4 0 -4 3
1 5 1 -4 1 0
-1 -6 6 -1 -2 -5
6 -6 -4 0 5 -5
-4 -4 4 2 1 4
-1 -3 -3 -5 -5 -1
1 3 -6 1 6 3
-1 1 0 0 -2 -5
4 2 5 -6 4 -1
3 0 5 -6 -6 4
6 6 -5 5 3 3
3 2 -6 1 5 -4
-3 4 3 2 2 -1
3 -1 -6 -1 4 -6
5 -6 6 -2 -1 -2
16
-6 4 -3 -6 1 2
4 8 -1 4 6 8
-2 -7 -7 -6 6 -7
7 -7 -4 4 4 -7
3 -5 1 1 -5 -3
-3 5 8 0 -7 5
-4 -8 8 -4 4 0
-2 -3 3 5 -4 2
-4 -1 1 -7 -3 4
6 6 2 7 -4 -1
-7 7 -8 5 -6 7
-3 2 5 7 -8 3
-8 0 -8 -1 2 -8
5 8 -7 1 -3 4
1 -7 -6 -7 -5 8
-6 8 0 -4 5 -5
29
7 -8 2 7 10 2
-10 -3 -6 0 3 -7
-5 -2 -1 0 5 4
6 10 3 8 5 -4
-10 5 -9 4 -10 -2
2 7 -2 8 5 -8
-8 10 10 -3 8 2
-6 -4 -8 9 -10 1
5 7 -8 5 -6 4
-7 -9 6 3 5 -9
-10 1 5 4 9 -2
3 -5 8 2 0 -10
-6 -8 3 8 8 1
-9 -9 8 -6 -5 -7
1 -7 -7 0 -9 3
-4 -5 1 -4 5 4
-4 -3 -5 -6 4 7
4 -10 1 -3 1 -5
-1 9 0 -9 3 2
-1 -4 7 -9 3 8
-2 -3 9 3 0 1
-8 -4 6 -10 -5 -6
-2 2 -8 2 -2 -2
6 4 5 2 0 10
2 7 9 10 7 1
-7 9 -10 -4 -7 -6
5 -1 7 3 -3 -4
10 1 -2 -6 -4 -2
-4 -7 4 -8 -1 -4
37
11 0 -10 3 6 -2
10 12 7 0 -3 3
-10 4 11 6 -4 5
-9 3 1 10 -5 -5
-6 -4 7 2 6 4
-10 -3 7 4 -6 8
1 -2 7 11 6 -6
5 -7 1 -1 7 3
-10 -3 2 -9 -6 0
-1 1 10 -5 3 8
1 5 7 9 1 -8
-3 -1 10 4 0 -3
-12 6 -3 11 -6 -9
-8 -6 5 6 -6 5
3 -10 9 9 -1 -5
1 -12 -2 10 -2 -5
-10 -7 -4 12 -6 12
1 3 0 10 -12 -11
4 8 10 -5 1 4
1 -12 5 9 -9 -1
-6 -9 -1 -7 -9 -4
-8 -1 7 5 6 10
9 -3 -2 0 1 -1
-3 3 12 10 3 -12
-12 1 8 2 -9 5
8 -10 -7 -6 -3 -12
11 10 -8 5 8 -4
-1 -8 0 7 -2 12
-3 8 0 -9 -8 -7
-4 -10 -2 10 -3 -9
4 12 -2 0 -2 4
10 0 0 11 1 2
11 9 -2 -3 6 -11
8 -10 -10 -6 -11 -12
-1 6 6 -8 -2 6
-7 6 -7 -10 -7 -9
-10 -7 4 -10 12 5
13
-10 -11 -14 0 -12 -13
3 -3 9 5 13 2
-3 3 -3 -5 3 -1
3 8 10 -9 1 13
-8 -8 10 12 5 1
-10 -11 -9 -9 8 7
13 -3 -9 -3 3 -3
-4 -5 -6 2 9 6
-4 7 -9 -7 -10 -8
-5 -10 5 -6 -2 -7
-4 -5 -1 -7 -2 -8
7 -7 -9 -6 7 -8
-3 -10 -13 7 4 0
11
-1 11 -2 0 -1 -4
12 -6 16 -2 11 4
-5 -5 13 -2 5 -8
13 16 -15 8 5 -1
12 -12 12 -13 -10 12
9 -4 -5 13 -10 -10
7 -13 -3 3 -4 -16
0 15 -12 11 0 1
9 11 0 5 -7 -13
14 13 -3 9 13 -13
16 -15 -15 2 10 -5
54
7 -8 -5 -16 -3 12
-9 -5 12 18 -5 -17
-1 16 -11 -6 -13 -3
0 -17 -2 -10 2 9
12 15 -5 16 13 1
12 9 -1 -16 -10 -2
-15 3 0 5 4 -9
-2 -8 -16 11 -17 6
-9 14 16 16 2 -11
17 14 17 -7 9 -2
9 8 10 2 -14 0
4 -16 2 -8 -9 1
1 17 7 -2 15 1
-12 18 17 13 15 10
17 -2 -15 12 12 -8
-14 -16 13 13 -11 -12
-13 6 14 14 8 -3
-11 -9 -7 0 -16 10
-10 -15 -1 11 -7 -8
14 -5 6 6 11 1
17 3 8 -1 -6 17
10 -12 -4 -16 -3 13
-11 8 11 -4 0 -8
-10 -17 7 9 12 0
11 -7 11 -11 0 15
1 -12 -17 2 -2 -1
-12 12 -3 14 2 -17
9 1 11 13 0 -4
-10 -7 -17 -1 -6 8
-7 -12 4 -3 -1 11
-17 -15 -15 11 3 -2
-15 -5 1 8 7 17
-14 12 -2 -10 -4 -18
-6 3 18 -17 -4 -7
-9 10 9 6 18 10
11 13 -6 7 15 -2
5 14 11 6 1 -6
-16 2 -3 17 4 12
10 -9 7 7 -9 17
12 4 7 2 -12 -9
17 11 2 11 1 -13
14 3 4 -9 4 -9
-12 -1 -4 -1 18 -3
14 -5 -8 16 -4 -12
-10 -3 -18 -6 10 0
-7 -14 9 1 -18 -10
6 -7 16 8 13 7
-17 -2 15 -7 4 1
15 18 7 -6 8 -9
3 15 -17 8 7 -7
15 6 -6 3 18 -8
14 -13 -5 16 -10 -2
7 11 9 13 -1 -10
-16 -11 5 5 15 17
28
-20 9 -16 -18 -15 -6
4 -14 -18 0 20 2
-3 -11 -9 -14 9 7
20 13 0 -14 15 -18
-11 16 20 16 -15 9
20 17 19 -11 19 4
19 -7 15 18 -11 8
14 -14 8 20 -17 7
10 -18 13 2 -14 -1
14 13 20 1 -3 -13
-14 -7 15 4 -8 14
1 0 -2 -3 -15 -20
-8 -15 8 20 -6 10
-13 12 -15 4 -13 1
-16 7 12 14 15 9
-16 -8 5 -8 18 9
-17 -17 10 4 20 10
6 -20 -18 20 5 10
10 12 -5 -17 3 -13
9 -15 18 1 -12 15
17 -10 -1 -8 -4 -9
-2 3 8 2 -20 -17
-3 8 9 18 12 4
-11 -3 -18 19 -7 5
-4 -16 -10 -10 13 -14
-17 -11 -19 -8 14 -1
0 -11 17 -17 2 0
-19 -2 7 13 16 -4
29
21 1 15 11 -5 -14
-5 -20 -6 1 -1 7
-10 7 -1 -3 -15 6
-7 -10 6 5 15 4
-9 4 20 -20 4 5
-13 -5 4 14 -1 -14
-4 22 -18 6 4 -21
0 -2 -16 6 -4 1
-1 -12 -3 -8 1 1
12 17 2 -16 -9 15
-9 -6 8 8 -2 13
-12 -9 17 20 -13 11
-20 -13 10 16 -19 -22
0 4 -19 -3 -19 -1
18 14 8 16 13 14
8 3 8 -15 6 4
0 -5 4 10 0 21
-15 22 -20 -18 -4 -19
-17 -21 -18 -11 -12 -13
-4 -18 -6 -18 -9 -2
15 16 -20 -22 16 6
-1 7 -15 -20 7 11
1 22 0 -1 -11 2
-13 15 -7 -5 17 -13
8 3 -15 22 18 -10
5 3 -3 -6 6 13
14 -7 18 13 -4 -6
0 12 -10 -2 -12 1
-18 -4 -3 10 -6 19
44
22 12 6 -19 -18 -22
0 5 16 19 1 18
2 -21 5 -15 -12 -16
-17 19 12 16 -1 -24
-10 -23 8 -13 10 3
22 19 9 1 17 -13
-4 17 -8 -8 22 9
7 4 -3 -8 -4 -8
12 -3 9 5 20 -24
5 -5 -8 -13 21 5
-3 21 -18 8 18 7
4 6 -3 -15 10 13
-3 19 22 13 14 4
-17 13 15 -17 -19 24
-13 -16 21 -14 -14 -10
-15 4 -21 21 -23 8
9 -19 24 -19 -7 16
-16 4 13 19 14 24
-1 -9 -17 -4 14 -18
-11 -17 -9 3 -1 -13
16 21 3 6 -17 -23
0 15 -12 9 22 23
20 18 10 11 4 5
19 9 2 -6 -8 -3
-2 13 -14 13 2 5
17 5 18 -6 14 11
-9 -1 0 2 4 5
2 -21 -8 6 18 -3
1 21 -15 23 -12 14
22 21 4 -9 -10 4
0 3 -21 -5 22 13
-1 17 19 -7 22 -8
12 -6 3 9 10 -1
12 10 5 14 -9 13
5 -10 -10 20 -1 -10
-14 -13 -13 19 9 6
-22 23 -17 6 5 20
-1 -12 7 -14 -10 -13
-18 11 -17 -13 -2 18
-23 11 8 -2 -12 -12
-15 21 4 8 17 11
21 17 -13 -12 19 22
23 -6 2 9 -13 24
13 -17 -17 -22 -2 -11
27
-9 -17 -14 -15 -25 2
-13 -23 13 20 -9 -15
25 -3 -6 -21 11 -3
11 -16 5 6 8 -11
-5 -22 12 -24 -13 -12
16 -10 26 11 2 25
2 2 -12 6 5 -26
-19 -7 -8 18 15 -11
-14 -8 6 -21 26 1
23 -5 -20 -2 9 21
-23 -18 -15 -1 -4 -2
-7 -24 4 -12 20 -7
25 -2 5 -7 -12 25
17 -10 -14 -18 4 1
10 -1 -11 13 22 -8
23 -20 16 -3 26 -8
1 0 -10 19 -6 7
-10 -5 -8 -21 10 0
8 26 -2 -21 -10 -1
-18 -19 16 4 -17 17
-1 -25 3 -25 -26 -5
-5 -3 17 -18 -3 -1
13 9 21 7 16 -16
1 -26 -4 -23 -16 13
22 -22 9 19 2 -1
3 -26 6 11 19 8
25 -5 -2 17 8 -21
38
-10 12 -4 23 -23 -15
2 -1 25 -9 -12 -16
14 22 -9 -4 23 12
-8 22 -17 -6 11 -13
-9 -22 20 -20 -25 -2
-26 -21 -25 6 -16 19
-10 -27 25 -2 24 -26
17 18 4 -14 0 -9
4 4 -4 18 -11 -2
7 16 -27 17 -13 1
-12 14 -2 11 20 25
-10 1 -11 -15 -4 -6
-23 12 -3 21 23 7
-5 15 6 -10 18 22
-27 -20 19 -27 0 17
24 0 20 27 -23 -12
-17 -5 -28 22 28 0
24 13 -11 -18 0 21
-1 -26 10 -5 3 22
4 28 13 2 -25 23
-12 -24 -18 3 -22 -28
9 23 9 -3 -18 10
4 16 -18 -10 -11 -13
9 0 -21 26 1 -9
-11 13 -8 -9 -1 27
25 -8 -7 28 6 2
-23 12 2 8 -28 -20
10 -27 7 -23 -16 7
-6 18 -7 -5 -24 -22
27 -6 2 27 19 -16
-13 -7 -18 -8 23 -14
-8 28 -11 0 8 -27
-24 -4 -3 -8 4 19
12 15 -13 20 21 -6
1 0 -7 -1 11 11
-23 22 -12 -16 26 -15
20 -11 15 -27 17 28
-8 -1 -8 23 -23 -14
22
-7 23 28 27 -28 -18
26 -19 -4 3 -12 23
-22 24 29 17 29 21
-26 16 11 0 0 2
21 1 11 -20 -24 -13
-21 -21 12 20 7 11
-15 -15 -20 -20 -12 -22
19 -2 24 8 18 11
-7 14 11 -30 -6 -19
2 -3 -7 -17 -12 15
18 -14 13 24 -13 -15
2 -4 -17 19 15 11
-20 28 -16 0 -28 -9
-8 -4 19 -29 23 -11
-9 11 5 -1 19 -6
-10 -13 20 -5 -16 -22
12 -10 -26 -4 -11 -29
16 -11 -7 -16 -9 4
-6 30 -9 7 20 -7
-26 -16 -14 -12 -15 -6
-21 -6 13 15 -23 -7
-11 19 26 0 28 -1
25
-15 18 -26 -15 -19 -4
10 20 10 11 -2 18
-1 29 -26 26 -11 -25
17 -14 28 -14 -21 4
-9 24 20 21 26 14
-3 -9 6 -26 32 -18
-32 -4 16 15 -19 2
-12 16 -12 29 -7 15
-14 6 2 32 14 -31
-17 4 -15 30 16 10
18 -23 2 -28 8 27
15 -19 24 -31 10 15
21 -22 20 -19 -26 7
-4 16 -1 30 -5 26
-12 31 11 -26 15 -13
-29 4 25 22 -14 -5
-5 -13 13 10 9 15
-23 -23 -14 -21 7 -26
28 8 -16 1 -31 14
15 0 23 -15 -1 23
-30 27 -29 21 -1 -4
-5 0 4 -25 15 -6
-12 -20 11 -31 -3 -2
-23 -13 -5 14 16 -30
8 -10 3 -16 10 32
57
-14 -8 12 -8 2 8
-33 18 1 3 3 34
-17 -15 -8 -30 18 -7
7 -15 5 -25 16 -33
-12 27 -7 12 -2 -14
-14 -23 -24 -31 -5 -20
17 -10 -5 18 -34 31
-21 -29 22 -4 -17 34
9 -11 -8 -15 22 10
33 7 2 3 34 20
-28 -10 -22 34 18 -25
15 -29 30 -8 -32 -1
-5 -2 -24 -19 16 -32
26 -22 -16 4 12 -15
25 -23 -6 30 -24 -12
19 -34 16 -29 -7 10
-17 26 14 15 34 3
-26 6 -25 -20 19 5
-25 28 -28 -31 10 -25
20 19 7 14 26 -10
18 23 26 -28 -19 -20
7 24 -13 0 -14 -19
-9 -23 8 -9 -8 27
-1 19 25 -6 -4 6
-14 -26 -25 19 -27 -23
31 12 -29 16 9 -26
15 19 18 18 11 15
2 -12 -8 32 18 -9
16 0 32 31 -9 -34
22 3 12 4 -22 7
-2 17 -30 20 5 -1
19 5 29 -30 16 32
34 -19 -4 29 -2 8
31 14 2 14 21 -12
-13 -1 24 6 -34 1
0 18 7 29 18 34
15 -15 26 -16 -27 -17
-20 10 -12 23 -34 28
-11 -12 4 5 22 -10
-12 -18 -34 0 -34 -29
-21 21 -11 30 -16 -26
-26 -1 32 -2 33 -31
-16 -24 17 -9 -22 10
-1 4 -34 -1 4 -34
-27 -16 -15 20 32 22
-4 30 32 -19 29 3
-30 11 -15 31 31 1
-20 -4 -5 -22 -16 -9
14 -24 -32 -28 27 -13
9 -16 12 -31 -15 19
29 -25 5 23 32 2
1 4 22 -28 -31 -23
19 19 -8 3 22 -32
-4 -19 -18 -33 -11 -14
11 14 -34 -24 -22 -17
-31 -34 -4 17 -31 -2
-5 -16 -13 19 -9 8
29
19 -11 -16 -19 -36 32
-7 3 18 -21 -36 18
10 -30 -35 -25 -11 5
20 -23 11 -5 9 18
-16 34 -34 20 12 36
-5 20 -6 23 -21 15
-22 19 -23 32 14 10
-11 29 -1 -28 24 -6
-5 18 15 21 -34 -21
-24 -7 5 -24 12 10
35 17 -10 -35 10 36
18 30 -12 -15 -9 26
25 15 10 -22 12 -22
5 5 30 -10 32 -3
34 -29 5 -19 2 22
-5 -16 -27 -33 -18 -17
28 -7 6 7 8 -22
-11 -10 9 12 -33 15
14 -21 32 3 14 -1
-8 -33 26 32 34 -34
-8 34 35 -6 8 11
27 32 18 -7 36 -14
4 -5 8 -10 -19 -13
-17 -32 32 -2 30 17
-26 -20 29 -1 -12 23
-11 -27 -36 -23 4 4
-33 27 0 -21 -9 -20
24 13 -13 -30 5 4
17 -8 -35 16 3 17
32
-20 -16 27 22 4 -21
-38 -34 -37 -11 37 7
26 8 14 -29 -26 38
30 9 5 -30 -14 13
6 -27 20 5 -30 -35
-12 -20 5 7 12 0
16 35 -24 -3 38 -6
-32 -37 -36 -12 -32 9
-29 -19 16 1 36 -27
-20 -9 -15 19 -20 17
14 12 22 -38 30 -28
11 21 -34 -19 -21 -34
13 -1 18 -9 -37 -13
20 31 -5 -15 24 0
-2 21 0 -21 -29 -33
9 29 24 24 15 18
25 -19 -16 12 1 -31
-37 20 -3 36 -34 -8
30 10 12 2 -36 10
-5 -4 -15 19 -24 9
-20 -32 5 -29 -34 -35
17 7 -20 -22 -9 -23
8 38 -12 1 8 3
37 -22 -3 27 34 8
-29 -38 -30 12 -14 -22
-6 -35 33 -35 -20 20
18 -14 15 16 -32 -34
-13 -37 15 15 -17 38
1 37 29 -31 13 27
3 1 -17 -13 18 38
35 -8 -27 -20 20 -30
-31 12 20 23 27 38
25
-3 3 2 2511 -1006 3952
8 -6 1 -2205 1295 4098
2 9 -3 3300 3565 1910
-1 -6 -9 1356 2051 2461
-10 -9 5 2926 -2463 3806
2 2 -7 -3061 -3481 -411
-7 3 -7 130 -2126 1753
-7 2 -1 -227 4819 469
-4 -2 0 -574 -1866 4420
0 10 -3 -3830 -1867 -3276
8 7 -1 1981 4706 -4866
-2 -4 8 -4441 4775 3843
-2 1 -4 -1777 -2124 -3671
-4 8 -3 -4604 -1032 -3835
1 4 3 -2991 -2880 -2357
-1 -9 3 -521 4646 -566
-9 -3 8 -2803 -2406 -1858
-8 -2 9 1952 1196 3009
-4 0 6 3217 -2779 505
-6 0 4 -2100 648 3772
7 -1 7 1768 -556 1108
-10 5 -10 -4638 2303 -3474
-5 9 5 -4962 334 -3378
-2 -7 0 35 -14 1887
10 -10 -5 -4178 2293 4136
13
-19 0 0 -3993 -5 -3569
7 20 3 3109 2635 1492
-7 12 5 1051 -2375 1383
6 16 4 -2450 -3725 -1367
9 -6 2 -2768 3641 -2720
0 12 -14 1847 -1410 941
12 7 -6 1085 1712 1765
-5 -10 -18 552 2552 -2084
-3 20 19 -1424 3422 1038
5 -20 8 1880 -710 1686
-19 5 19 1852 -3395 -795
20 0 10 -983 3468 3226
19 6 -18 -1809 3944 -2147
10
-8 26 18 -736 -585 -2834
-9 1 7 1521 -1787 -2931
-27 15 -24 -2107 -2330 2335
20 -26 -18 -2135 -1035 175
14 -21 15 -2607 1753 -2772
27 27 -25 41 2871 2119
29 -17 -25 -2681 -1196 -2404
-25 -27 -20 -1954 1985 1046
2 13 8 744 2992 -279
5 -18 -3 -602 1555 2656
22
3 -25 12 1597 1156 -92
-18 -23 -35 1264 492 -147
35 34 39 -346 1784 -1136
-24 -8 30 1147 -1648 86
14 39 -18 -566 1062 131
34 12 -13 649 1089 627
-35 1 19 1005 1472 -1565
-38 -36 24 1150 -138 663
38 -31 -37 1989 -163 -804
35 -32 33 469 580 -728
2 -19 -36 1967 431 1590
-10 3 7 1662 -895 -1025
17 -3 -15 328 140 -1105
2 17 -9 -409 -106 598
3 37 -21 997 81 -264
39 -22 4 -1019 610 -414
9 18 28 1719 1999 1917
-5 -35 27 1119 1421 300
-37 39 -35 -441 -242 480
1 -19 -4 1709 -1380 1115
17 -14 39 733 -695 918
0 -31 38 -1827 1729 1922
20
-11 -38 -9 -796 967 -996
-14 42 -10 -789 637 592
20 -41 -4 358 961 -265
-45 -20 -37 532 808 -297
43 35 -7 -843 749 781
-41 9 -2 226 -536 -924
7 12 -27 833 -451 -851
35 -12 -25 -854 627 -604
-38 -11 16 770 119 362
-36 14 45 -835 594 -552
33 -4 -34 693 -821 117
-33 -29 5 -297 -972 -147
33 4 18 602 759 -789
12 -21 40 -452 -63 838
35 -5 -27 601 11 -226
34 31 27 199 533 45
20 -11 -1 143 -150 892
27 9 50 -832 -722 -783
41 -14 10 -607 570 357
-50 7 16 344 -957 -131
20
-842 513 185 20 25 21
50 368 -439 -23 -34 37
664 -21 -567 -26 46 -6
337 814 -382 -30 24 48
-714 797 751 -1 -22 -2
-343 441 -455 -31 45 31
37 940 -308 -37 -50 -15
828 -389 169 36 -29 25
266 81 582 -49 21 39
588 353 232 -5 5 -40
769 709 -745 2 -7 39
390 -477 -543 2 19 37
-506 635 312 10 37 44
-590 817 822 15 26 -28
-109 -983 650 -29 -8 -20
865 578 388 -8 24 50
-557 -679 853 4 43 -26
549 -35 516 -34 8 42
-172 -860 -322 -48 29 -36
-606 987 745 -28 -13 -14
10
822 -422 331 3 -24 21
1675 -346 569 2 -36 -30
-551 1898 -412 40 5 21
592 1939 937 -31 13 -11
1266 1510 -397 16 8 15
1049 1535 846 0 -17 -21
1404 -1710 -1051 11 -36 -12
-1724 570 1763 -35 -25 16
-719 -1038 -116 18 -32 -40
944 1454 -833 37 -40 -6
17
843 2289 -1421 -9 -3 -9
-140 1007 -492 -22 -17 5
1787 -2788 -2515 9 -14 27
1612 -2181 -2351 15 -29 -5
-668 288 1401 3 8 14
-217 -1057 1523 -22 -12 15
-887 -798 -456 -12 24 14
-1209 -844 655 25 9 25
39 -122 2738 22 -15 22
-1304 -78 2876 2 -27 -26
2625 1362 -984 23 28 -21
253 2423 -1990 8 -3 29
-1306 -2489 -1285 -16 -28 -8
-412 246 2986 27 25 2
-2509 1391 80 -4 -6 -16
-1233 1638 -2891 19 21 30
2892 2547 22 -16 -7 -1
13
3355 -482 -994 -5 -13 -20
-3666 -3199 -3741 1 -18 0
566 -2043 -1874 -14 -11 5
-3615 3799 1021 -6 15 -8
483 1268 736 8 11 -3
1098 -803 -1671 13 1 17
100 -3636 304 19 -17 6
3253 3083 -1575 -4 -13 8
-2886 1973 496 9 -12 14
-883 -439 -1785 13 -10 19
1602 3443 -2975 -3 -13 -16
3613 1433 3536 -1 -15 -17
2057 -3704 680 15 20 3
4
3642 1823 -997 -4 -8 -10
4851 2139 252 10 4 -6
4470 -3516 -3148 -4 9 9
3835 1274 -803 10 3 2
24
-687 1064 315 -547 288 597
2960 -2942 1642 -510 864 -499
-1819 2555 -2160 -1050 590 889
3011 -2464 -2142 -90 -634 361
1150 1545 -2933 -1140 908 1015
-1043 -1424 -742 -698 430 433
1888 -539 -2164 249 824 95
1254 -1293 379 1104 -649 -831
2819 -627 2721 -319 -1112 -628
1403 -269 -2169 885 -977 861
554 2624 -1025 -125 -335 -176
-401 540 2033 469 -531 -1131
-2627 814 2318 587 967 396
1912 -1633 2785 552 -501 -917
-1855 2098 1743 -723 666 -5
65 -2625 2459 444 771 995
-1083 848 1808 -211 -107 304
2775 522 740 1130 -738 462
1176 435 -2981 -882 1028 -926
1054 -925 1444 -794 -1025 455
405 -2477 1389 -785 -236 -410
-244 -278 2167 593 246 -168
-2155 202 49 967 670 172
-1011 1968 1011 1084 108 63
12
-2574 2257 -2467 1823 3103 3164
4388 -3439 283 -1704 3339 4175
-134 2420 -1685 -3330 1197 -1823
1325 -3996 -314 1618 -349 170
2037 512 1965 -1584 -3337 3320
2463 -1878 -948 3877 -2634 180
-3655 -1239 2599 -2597 3524 4000
-3459 866 4187 3364 -1766 3343
3877 462 3348 -303 -3238 2287
-1045 1159 3016 4120 1789 -2126
-360 -2532 -2986 114 2617 3570
-4252 -3041 -2009 -3464 3585 1979
5
-3236 1221 -140 -2294 -1578 -806
3739 2487 -1323 -1985 -1278 -2812
-3040 3225 1187 3268 -2467 2638
-429 -1373 2968 213 2627 2895
2722 2709 -2214 814 -3098 1264
6
-608 -1208 -518 -692 -336 -147
-385 344 -781 -2891 318 2258
-1072 579 1321 -303 -2718 978
-811 1349 399 1053 -1397 2773
754 -128 1279 -356 -2930 1766
-1195 1178 670 386 2209 2224
21
636 90 197 282 1137 1568
-77 -337 843 30 1492 261
-223 -211 -228 -1971 -110 614
653 846 -222 -778 158 -817
-125 -200 139 533 -1841 -1290
-567 543 804 -1814 1109 -177
194 343 124 -1867 888 2025
-273 -762 -502 -817 1902 -1743
-383 -802 181 -634 1330 1224
225 682 121 1122 1028 2006
-438 -591 -539 -601 1909 2091
174 -858 659 -1063 1019 1699
632 -868 -685 1479 853 -1949
91 -787 -213 328 -1220 2006
213 -405 183 -1283 -1136 1631
788 568 442 -1356 -1342 -191
787 -241 885 2045 170 -1738
411 186 271 -1375 -1267 496
735 422 -117 -2169 61 -1899
774 453 -559 -703 -501 -1056
337 548 -82 -511 1444 -803
8
1702 -2777 -1000 1317 119 2844
-1622 1737 3387 -478 -1564 412
-2989 3780 1081 -1280 2000 -982
-3239 526 3842 -860 418 473
-3507 -434 1959 -161 -623 1535
2869 -2386 -65 2749 -302 2625
-3762 -1134 986 2229 -509 1163
-4027 -355 -3111 -2569 1402 -1932
23
881 864 -2873 948 -1505 -1587
2671 1960 3003 888 -757 1078
2814 1734 -1378 1513 1713 728
-1982 433 1265 563 1749 1096
1597 599 -1932 1426 1050 1332
-1160 -1567 1117 -63 38 960
-2418 -1618 2581 -589 966 745
-2887 -1957 1050 1580 -1619 810
-20 -221 -488 -219 1583 -1540
-2695 665 1518 -1163 1084 -938
284 -97 553 1670 1299 336
1138 478 1174 1678 -401 1332
2891 -2020 2346 -1645 831 1579
111 -837 -1974 163 -1143 -818
1747 814 1740 -1691 -1018 -1257
-1173 -2208 -790 -1433 480 496
1571 -2094 -1762 -240 897 532
-2132 170 -1131 -1167 -380 1249
-218 -2666 204 -945 213 393
-895 -1585 -448 -35 347 -86
-419 -1238 1338 -639 1050 -1592
1764 -217 1883 505 -674 -1644
-2541 -762 -428 1552 615 816
4
1405 -2505 -2389 278 -1631 -672
351 -1834 2371 -1099 1436 713
-3564 3552 -1105 1736 1054 -1335
2163 -1307 3519 869 -749 276
17
1210 986 -822 -1003 -200 -958
-689 447 1258 -2211 -1353 -636
-675 358 454 301 851 -2859
179 -1566 -687 -1056 53 -280
1194 -640 1549 -1405 -843 2939
1330 -1151 1072 -230 -1870 91
-927 -907 -225 -1875 54 1576
638 514 -277 -2957 942 2338
55 265 1152 -391 72 1022
-682 -849 -1427 -1328 1375 -1088
-304 352 -214 1605 -696 -704
1181 -1588 -520 993 -1290 -477
-1449 359 277 -818 1864 -2422
-339 402 549 -2578 1661 -2484
-442 -1342 -1507 -860 581 401
53 -1540 1522 -344 2546 2247
1273 958 -1437 2269 263 -683
4
-293 -217 141 1157 2060 -2723
-103 10 -330 -2964 191 3184
45 332 374 -4145 597 -3600
79 83 -160 -3602 -2847 -554
100
1221 1467 -939 2564 -3244 -6
3395 -3859 3811 -1010 -1782 495
1376 -4148 1338 2144 869 30
758 -3757 -2755 -830 -2411 -224
-3214 -292 -3062 -264 -3037 1653
2754 1585 3542 1734 2474 70
2594 759 2982 -2547 315 2764
-3828 -1649 1729 -2315 -2508 -571
2272 -1730 -1915 1348 -3182 1664
-1789 2650 3583 2577 2579 -2779
571 324 -2387 -2812 1528 716
-2335 -2256 41 590 -2601 1133
1193 -2022 3182 -2345 -789 1695
-1341 2674 -3658 3069 -2220 -2876
-1984 1942 -3899 1911 -2988 2046
939 259 495 1245 -854 2510
1733 -4068 1734 -2316 3174 -853
-69 3809 -2243 2714 -2565 -1604
-3734 667 -2198 -738 -1698 -2965
-1707 1308 -1994 -1907 325 -161
2206 -3868 1540 -893 352 -1897
-1831 -1714 1504 -2683 932 190
3370 -2806 2646 2588 -2514 -1255
3696 3156 -3771 -3065 3127 187
1166 3444 -2576 -1333 -1771 -963
579 -1868 1191 162 -1662 -2251
-2520 2229 -2028 2779 -1362 243
-703 1047 -2010 2475 -2803 -1613
709 -922 -1798 1675 -3239 479
4199 -2584 -3659 -3198 453 -1528
-36 -3459 -410 -3026 2967 -1520
1381 -3777 134 -1464 339 2342
3657 -4095 3766 -931 -2516 988
188 -3479 -1817 -1718 -3126 332
-2220 2312 -3285 -1172 1548 736
3246 -32 -1067 592 -2944 2056
1756 3745 362 505 1559 2568
-1824 -3231 3410 766 -431 492
-1221 -492 -552 -1083 -1099 -1909
4151 -972 -2872 2723 -3122 2507
-840 312 -3976 -1735 1354 1349
3910 1301 2180 -290 681 1184
-1644 4102 185 -3146 -33 -2820
-4054 -3465 -1425 182 -1373 -1169
2192 -1739 -1675 1722 2912 -1388
1208 -3609 -1899 158 -2187 705
1062 699 1223 -398 902 -2237
-3551 -65 1863 -1809 -2992 -3059
-320 -3135 -2043 -1619 2974 -2222
-1572 -3008 741 3007 2920 -1399
-2654 -2295 -1537 -106 1911 -2811
-326 247 2399 1415 3157 882
-3123 -566 2338 -715 -2291 -870
-3183 -1436 -3579 -814 2260 2896
3544 -434 1227 -2851 3199 1798
3880 4122 91 1791 1318 -1347
1079 -2623 1339 -1988 625 2660
1968 3853 3510 -1319 -1196 1742
-2864 -434 -1781 -2055 3141 2672
1918 -761 -3119 -2301 -1894 -3022
1485 4206 22 417 1477 1138
2521 -3946 -2520 -584 -3080 597
297 904 3489 -1228 1118 1250
656 -1918 -376 1952 2986 -1563
224 -2938 1220 85 342 -353
-1129 -2024 -3248 633 1565 1070
3780 -3747 1869 2551 2617 1491
-1901 -358 1934 -2887 2725 -2622
614 -2930 738 2271 -2077 2806
-1063 -2745 -2610 -484 -2012 2146
897 -1974 3366 1470 -2660 1371
1442 337 3038 840 -66 -1774
-3253 587 2376 -190 1826 -2627
-2413 300 2008 -1348 2085 606
3155 -3230 4014 -830 1134 1060
2689 1008 161 2258 -1249 -629
3265 -2604 4143 2181 3157 1273
179 2454 -932 126 1725 577
1150 -2730 -391 1502 -1387 2076
-2675 -1306 2468 -2150 -2465 -1448
3338 -2163 887 -11 -2959 -152
1569 -1026 -2915 1044 1993 1046
-3032 -2879 2987 2357 -1919 -648
1562 844 749 -970 -1972 -1305
-799 -1750 395 461 177 -783
-2886 3884 1469 -2735 -2354 -2764
-2897 3298 -2550 -3145 2369 -1623
-2146 2745 1857 -1585 2794 1620
3797 1405 -1607 -547 2324 -266
-2 -3367 -3403 -1010 -364 98
4020 -1637 -3459 2432 2072 -3188
-1865 3371 -1761 -1004 62 2471
4073 -2276 -4175 -1383 -712 2965
-1816 -3713 3697 -951 -21 353
-218 -249 -2170 -97 -550 2849
-14 -1996 -1508 -2599 -3134 -1060
382 3113 -431 -2792 1183 -1993
4024 -4101 -2748 1137 -3065 1812
3849 -987 -3573 2608 579 -30
-1649 -1753 69 928 -1468 36
6
295 1242 -976 1861 501 1143
-118 -2255 -1759 -3326 3064 423
-374 -487 1402 2483 682 -1404
-463 1236 -792 -3742 -1868 -3132
-2350 -1834 -469 3380 2560 -1127
1387 661 172 2573 -1238 2341
16
-2075 356 1339 1081 1659 -1330
-1059 -811 -332 1493 -108 -1121
2665 -3635 -840 2350 1509 -1892
3128 -1782 1436 423 -2047 -1072
-861 -748 2866 1472 1817 -645
-1466 2395 -1675 -1228 -1503 -2100
2708 -806 806 390 -1548 -941
-1886 -3303 -2582 2251 -43 -195
-1789 1589 -2921 1299 783 1782
-1980 -502 1619 1721 1051 -787
570 2353 3278 1251 2014 2257
3642 -2267 -3565 -2229 2410 -294
-929 3783 -341 -2206 -814 -302
-48 1379 -3244 1257 360 -720
-2913 -486 -2207 -460 2022 1734
2420 -3532 -60 421 358 -1842
13
704 -1840 -489 -1398 795 -1253
1173 922 -1696 -57 -129 -727
1747 2020 -1285 -849 292 378
-3358 -1173 -2540 479 930 -262
93 263 784 1132 948 -267
1027 -388 -2780 -241 -438 -307
2361 -2100 -2895 449 -768 -275
-1877 1893 271 -149 900 -14
2894 -59 3286 574 628 -853
-550 -1161 462 1203 876 -777
1287 -150 5 -1185 976 -161
-1392 153 142 55 -158 1291
2328 3306 981 -238 -450 -863
18
161 -1714 403 3383 26 1541
-1703 839 741 -3133 -2149 -3824
1736 918 516 -1983 -3431 614
-1381 -1319 -1775 -2529 116 -42
741 -61 -401 1698 3757 3955
-555 -1417 -986 -141 3161 -3074
-1866 156 -1607 -3786 4095 3261
517 -1407 710 -1259 3818 -305
-955 -1607 -65 -1307 2145 -4261
382 -1256 675 -1521 -2141 86
-788 -1356 50 1730 -3829 4486
1670 -1281 -525 3523 1765 -3810
1380 -1145 1731 3409 -4048 -2162
-1425 176 -1762 185 -1051 -1910
136 -353 -803 4028 -1756 -4307
-830 382 1670 -3297 1423 -4037
-1471 451 1451 -1025 550 1101
1730 1327 1821 -3123 4551 3859
11
-871 -1921 -1557 13 -1556 1164
-1454 920 -1426 437 -512 -1538
-1479 -1704 195 -1633 1923 1143
-1639 623 -683 754 217 463
-866 1274 773 -1220 -319 1120
-462 1465 1053 1074 -922 -589
-923 -113 -849 1992 1492 610
3 -847 -816 904 -799 427
1023 -73 1826 1657 -1937 -848
-1334 -539 1505 -1723 1485 1743
1801 -8 685 599 -415 -417
17
58 357 -26 -836 -2820 -2473
249 -351 248 560 3388 -750
353 -251 -158 1367 288 1578
265 -222 58 -2048 -465 -2390
-284 -276 -354 2622 2584 -2011
-297 164 -193 2949 -1718 -2502
-245 62 127 -2496 2221 -1887
320 138 -88 -575 -2902 -2562
63 -302 2 2813 -2177 -2360
-367 91 18 1967 -224 2048
-264 112 -124 1901 -137 -3174
131 -193 -15 1040 -875 1455
-301 20 351 979 1234 -152
192 -216 132 -1240 -148 -1249
360 159 -68 353 -49 -454
-75 186 -54 -1209 226 123
160 274 60 -1130 -190 -3045
