100
3
-5 0 0 1 0 0
-7 0 0 1 0 0
-6 3 0 1 0 0
3
3 0 -4 0 0 3
-3 -2 -1 3 0 0
-3 -1 2 0 3 0
4
1 2 3 1 2 3
3 2 1 3 2 1
1 0 0 0 0 -1
0 10 0 0 -10 -1
4
-3657 -3054 -2748 -764 883 2135
3940 1264 2833 -1199 472 1031
-83 1990 115 1933 -1385 -3196
13 14 15 0 0 0
3
-2748 -625 -4002 3984 -2863 -2490
3393 -957 2919 -3536 4543 -144
2955 -2018 2883 -448 -1680 2634
4
2511 881 -4197 2934 -3612 -1140
889 2081 4149 -1253 -96 3493
1910 2944 964 -1252 1012 -1035
-1150 -2568 -4702 -429 2696 -1318
5
-2023 -3506 282 1235 695 2731
-4684 3035 -2239 1981 -2245 1473
-176 -4703 -339 -2950 4805 1633
1386 164 -3224 -4135 412 -4672
1482 4174 4666 3869 -3667 -1165
4
-3962 4895 18 -2651 599 -30
643 44 -1413 70 -4083 -1379
171 -2302 -1106 -2339 -880 2710
1740 3358 2569 4920 4364 -1301
9
-1091 86 -4082 1980 987 3361
3489 2252 -967 1321 3571 -1398
-1642 -1510 -4653 4682 849 734
-2265 -2170 4363 -2995 -1317 802
1494 3165 386 -2109 -1165 -3808
3995 -616 4174 2670 -3602 1838
-2383 -2291 1194 188 1155 -1069
-4392 4445 -1702 -3175 1405 834
-2965 1908 -4400 -2562 -1883 -1294
6
-3945 -4366 -475 1931 -3782 -3263
2718 -2173 1780 -55 -1581 1551
3073 1054 1432 1397 -3100 1853
1811 2764 -1712 -2328 3831 -741
-4095 -670 4810 1106 88 3685
-2283 3302 -1516 -2051 4544 -3085
7
-2419 -438 1691 -3285 -703 3467
3110 1260 -506 2332 -4146 -4603
-4088 3435 -1869 3428 -1064 -2617
-3965 -2390 1293 1593 4492 -1503
3526 -103 4336 -4926 3058 424
3610 -2273 -3302 -3689 -3086 972
226 509 -1643 4547 1449 3860
10
2248 3226 -2865 -1188 -4345 -99
-3796 -2246 1895 3695 295 2486
1914 -1864 -2940 4231 -2530 -1880
-2921 2093 3900 -3807 -1990 -1266
3464 4368 -4911 -4222 3072 -690
1731 3780 -3539 -207 3760 -3077
-439 -676 3148 -6 4558 -646
-4061 -168 4378 -3373 -2988 1164
470 -4539 919 -2125 -1724 722
1390 -3974 15 1349 2049 -1492
10
296 4194 1121 -4897 -1651 1491
512 -4452 -190 4933 -1473 -2337
2196 76 389 -2862 3744 4148
-702 -1486 2934 4475 -3072 -3086
2250 -861 -2936 175 1622 300
-2465 2911 -1963 -1784 1878 2581
-3268 156 1376 -2049 -2439 -1889
-1291 -844 1009 829 -972 -106
-2252 -803 -2605 1424 2544 269
4724 1109 865 2119 -2051 -2634
10
532 -4319 -778 1699 -1490 -1728
-3671 -4183 -1647 -2818 460 3625
709 -3800 2563 3671 -4013 -2289
2700 2514 -1497 -1715 100 -4501
-938 4482 -716 3757 2879 724
-1952 -1414 -4802 1522 3779 -4644
2995 -2148 1261 3047 -1816 3246
446 4285 -1316 -517 -2783 -1283
3905 4396 2978 -4267 4078 765
-4726 187 3954 -4181 -138 2230
10
2907 -1552 -2591 2592 43 -3901
-4346 -565 -1368 -2078 3393 -3887
-3 -255 -555 2795 205 33
-1078 -2615 -1927 -3031 4914 1463
664 2491 1236 -599 -1915 4035
-872 4629 2922 -1818 -2882 -2600
-3474 -2218 3075 2908 497 121
898 -4114 2190 -1379 -400 627
3021 199 -2930 -525 2516 -3153
2283 4000 -52 691 -1820 1618
10
-4579 2801 454 -776 2299 128
-206 -682 -1123 2168 4079 1104
2049 -4495 4001 -1160 -163 4539
938 220 645 -2273 302 2211
1230 2757 -62 601 -2199 -1723
3577 -3770 -2418 3149 -2430 -1212
-710 -837 -2529 1402 -1645 -2029
-2728 -2209 650 -2477 -3002 58
2310 4076 1198 -1368 3757 -869
-1881 2139 -816 3458 -3324 -120
8
-1351 2881 4811 1164 -3328 -1758
-1010 -1557 -1875 -1369 3451 -2342
2724 -1193 491 4745 1023 301
-1387 -611 -1138 1417 -4849 -4761
-1183 1244 713 399 350 3167
-4412 467 -942 -2263 -270 -846
1280 480 -4546 141 32 2197
4772 -1996 2819 -3289 4066 3487
9
-778 -4576 2801 2114 -283 -3061
1331 2553 -3957 -3649 -2960 1853
-848 2500 -2542 2602 -1771 -3062
129 3110 -1965 -2783 4920 -2904
537 3138 -3521 2187 -3658 2287
-4443 -3514 -44 2236 1860 -1028
4364 -3942 4972 -3106 2722 -3956
291 -1696 4320 2204 1185 4704
-464 132 2537 -1945 685 2107
9
-3705 4185 -4420 -2034 -1545 3841
-1972 -444 -2330 4417 2031 -1813
2847 3000 -2823 1757 -3280 -3534
3990 -3864 1693 -1596 -2981 1244
262 -438 173 -4106 4086 -1792
-4658 4362 1716 -1842 -2154 1029
-4263 -1618 2306 1721 286 -3391
936 -1793 -1607 1615 -1611 4408
2563 470 2032 2668 2659 2127
3
4102 -458 2759 -4471 -1633 -2025
-872 241 480 2662 457 -363
-2251 1427 -2172 652 -254 1127
10
-4766 -446 1201 -3210 -967 -1512
62 -4102 -1841 -3898 -46 -226
3068 1805 1918 285 -2745 -4157
-4414 -434 2587 4243 -3001 3082
4207 2564 2748 2272 1239 -1242
2370 135 -1442 -2951 490 2781
1195 1033 -1489 1085 498 3028
-318 -521 -3617 382 -843 -1453
114 -692 -1537 2005 4286 2436
-1406 702 1330 -437 1001 -2453
4
3399 -3445 -979 4527 -3319 -2194
-2550 2045 4942 -4328 3214 2780
-2033 2371 -1589 -4701 -2105 2179
2072 421 -2318 2504 -922 -2891
10
1558 -3305 2448 -2651 885 -803
1598 1315 -2591 -2250 797 -1245
3541 -636 305 2224 1295 1491
-44 1373 329 2055 -2331 4753
162 4214 -2561 -2983 -1455 321
857 794 -984 2435 96 3579
-477 1759 3381 -1119 -4531 -1910
-3903 -4867 313 1678 2439 -4816
-1407 920 -2655 1216 872 -795
883 -1503 63 -1124 1921 -209
5
-2143 -2057 3250 -744 -2012 1974
-2992 -4024 3038 4242 3003 516
1407 1786 -4040 -1261 -1055 -3496
976 -573 1121 -1151 -2449 305
4912 2762 -1569 -1206 2630 601
4
1038 -2232 3898 2816 -657 4980
-1310 1205 3281 438 3307 -4874
-3482 3136 -4679 -221 772 382
3176 -2891 -4523 -2693 -2962 702
7
1737 -1129 -3736 -4467 183 3100
1065 1095 -226 -2939 -4754 -4524
-1687 -4591 189 -738 -765 -1761
-103 1395 1643 3308 -952 2267
-2344 798 618 4734 4190 -1583
-3339 2670 -512 -4322 2570 466
4653 908 2624 4451 -2191 1135
10
985 1978 4026 2755 -2010 1201
-2979 -281 -2216 -944 830 -1687
-1250 2728 -2175 -825 2029 3333
4187 -1282 1545 1722 -1122 -1460
-54 3575 -2822 813 -2378 -1969
917 -4136 1036 1706 2765 -3075
-1394 -1651 201 -2730 184 4615
197 761 -282 -3098 234 1894
-1221 -4978 2606 -1582 -144 1255
317 3856 -1284 2537 -1072 -4869
4
1813 -3784 494 -123 -1009 -4172
-3857 -430 -817 407 2283 -1094
2233 2197 -1876 2405 1944 -1476
-2979 451 4413 101 -1652 4528
9
-2762 -2092 947 541 889 2606
-1988 1206 -1812 1080 -2823 -2683
-2246 2900 -4111 708 -2564 -1604
-1308 908 -391 -1526 4648 -1747
4106 445 1977 1396 3907 4750
4456 -3930 865 -2381 1258 -1666
-924 3768 -1496 -1999 855 -1916
-1274 -2647 1846 -1345 -2821 1573
2444 -430 1455 2014 -3733 2847
10
-827 2316 -2224 -619 2731 -1902
-1872 -780 2193 2057 -3938 3054
-498 -1623 1798 -729 -2822 -4409
-3195 -1787 569 -493 4813 961
-3719 -2203 -1342 506 -1335 748
3737 2147 2775 -560 -481 -796
921 30 35 -1345 -3158 2773
3999 -124 916 816 817 1525
-1596 -231 -3446 -3151 1538 -136
2662 1161 854 3575 1959 -1945
10
169 -570 -347 -2299 3695 -1638
4977 71 -2378 2743 3649 -1108
-3578 1557 1610 2743 106 386
476 -3909 -1315 78 -3261 2525
-2917 2299 1793 -4953 4181 -1898
-3149 3088 -4433 -3555 -3582 -37
2935 780 3621 -1573 -1167 -1612
1938 -3817 -1175 4681 241 92
-1103 1320 400 -1862 -750 4133
-213 -3164 586 4037 -2890 -670
10
3995 3630 -1179 -1750 -415 659
-176 -4111 81 -2494 1518 4488
-1343 1432 -1449 4107 3405 -610
1597 -794 -1896 1890 2691 -3323
-3731 -1464 -1864 -134 1007 -488
1671 4218 378 2657 -200 -867
1264 -3556 4259 -2203 1713 4559
-3399 -1232 -526 -4862 -583 -3086
-1705 4503 -2120 1999 -4775 -3573
-27 -1784 2113 1356 -4644 2910
10
-308 3726 2375 -1215 -3905 -2972
3249 185 -576 -2240 4262 -14
707 1850 -745 -4108 -1184 -1075
-2862 4899 3965 -2183 -3773 -4326
-121 -1687 2636 1215 461 300
-1008 3083 -2822 3308 -4055 2507
-4986 -4098 2628 -2777 1338 -1891
-1427 3202 -279 -2179 2117 4674
4559 -3775 -2879 4682 4809 1088
3991 -4232 -3595 4564 -1732 1322
7
402 2302 -1953 4810 2746 3846
-440 3963 1041 1101 -1812 2026
4478 -1694 -973 -1968 58 1295
1313 892 3740 686 -2037 -1570
-2042 -4061 2552 -1505 -1007 -3613
2510 2260 288 856 1987 -1408
-3733 -2784 -2158 -4482 -77 -1079
5
-1279 -425 535 2917 -3246 2434
1280 941 3646 745 1308 2367
2578 589 -3793 -531 2725 -3317
-4638 -423 -477 -2218 2939 2330
3485 -2599 -366 -1423 -3100 -3631
4
-473 -2091 2901 -4850 -1611 3967
-4491 2857 -3896 -1425 3263 -330
2490 -979 -560 4994 -2038 -1453
4583 2168 612 604 -222 -1952
6
-2540 3181 638 -2644 4275 2499
-2499 -762 -611 3140 2091 -248
3351 -3099 102 87 3686 -3042
3182 -171 166 -18 -1589 1397
1375 -539 -2561 -1277 -3124 -4556
-1065 -1461 1643 377 -4779 4129
3
4495 3195 2368 -1984 1123 1419
-2844 -1361 99 4437 1997 -1064
202 -1142 -1809 -3940 -3701 -816
5
624 -2499 -1263 -3200 -2424 -821
-1913 -1766 1253 132 3977 -2884
-792 2952 1287 3519 -1348 2344
1443 1844 -444 -3834 1523 -2815
487 -202 203 3387 -1823 3907
4
-4576 -1963 2182 -910 4910 -577
1587 -2900 4453 1053 -4194 2434
4565 4654 -4223 -1682 252 -4585
-740 530 -4131 1396 -991 3051
5
-994 1466 1391 152 -1801 4448
-4551 -2672 -784 650 978 1985
4710 2004 -2607 -3511 258 -2952
4903 -3228 3033 -964 1059 -520
-2088 1447 -950 2591 56 -2975
8
632 -2638 2362 229 3281 892
-4817 4352 -2848 400 2823 -1182
700 632 -2537 1814 -2787 -397
-4696 -4821 165 128 410 199
4217 2006 2816 -714 104 1733
4883 3031 998 2042 236 -450
-1608 -4892 -2425 -3195 -2083 349
-2749 566 3688 -545 -1871 -1300
6
1779 -1483 996 1861 -3899 744
-208 4943 2743 2824 1465 -2994
3548 4863 -2475 903 1291 1332
-2213 -2042 -434 -1260 2638 281
-4890 -3919 901 -1844 -4554 -3127
1579 -2747 -1201 -2808 2751 4188
5
-3366 4987 -3297 -3633 2315 -1835
523 -1889 -899 714 -1661 4970
-155 -1278 3865 -1374 2468 179
197 -1584 -2396 1488 628 -317
2533 536 2291 2336 -2399 -3760
8
-144 -4126 -3741 -843 -3811 24
2328 1467 2046 -4328 -730 1387
-3393 3514 686 -2010 -4006 -1857
3158 -1571 2114 2357 -349 2022
-2057 -4942 1167 -4 -1980 4359
2553 4590 -1904 2759 4135 -3272
-2857 -3502 -79 -1740 3073 714
-590 4504 -493 2306 3569 -3683
5
-2073 -1765 -1277 6 32 -3321
-1330 491 776 1664 4896 2946
-3331 -813 -1004 1997 -1949 -3215
3008 3826 -482 -4029 847 -2429
3336 -1733 1627 -1003 -3805 4759
4
3541 -1739 42 1217 -310 -1960
-1642 300 1529 412 2400 4513
-3865 2342 -2229 -1005 -643 2813
811 -483 1330 -1779 -1027 -4694
10
-2004 -3990 -4861 -2552 -1814 2394
-611 4975 3194 -1077 -2197 -1746
2310 -2702 3827 -2705 1707 132
-1178 -1920 2500 -546 4080 1408
973 -2177 -2256 2959 -413 -1366
3697 -2711 -975 809 -80 -45
-2610 928 -289 62 -1529 3883
-310 4309 -3849 2495 -965 213
931 -1740 1068 2025 3164 -3113
-370 3930 3081 -1286 -2197 -1440
10
-1036 2105 668 1727 -3601 -4411
4698 -477 -670 140 23 2933
1840 -1860 2585 -836 600 4303
-2036 -1225 -2514 1333 174 -24
-4377 1189 -529 -19 2684 2390
-1470 4205 -2575 4775 3289 -2143
1358 -4011 -4364 -4996 -857 -4328
-1123 1917 2872 -709 -2201 1095
1192 644 2092 502 1506 -1468
1244 -1357 1885 -1743 -939 1323
8
4079 -82 1067 770 2181 389
-3106 -3029 3144 404 2072 2226
-1913 -257 1781 3195 2755 -3708
-4320 52 2763 1637 3352 -1308
-834 815 560 2058 -4044 2175
182 576 -4343 -2810 -2184 -2129
3144 2447 -4778 -3667 -1213 62
1508 -459 1057 -2007 -2898 2710
8
-2074 3334 2990 -227 476 -2368
928 -3 -4832 -1442 3130 -2045
422 -546 894 -2582 -1732 -4429
3505 1327 1820 3704 -4592 1753
-1488 302 797 1692 -1809 3233
-519 -2616 485 -1843 2951 2424
1175 -673 -1582 1627 626 2855
-2453 -1818 -1238 -1321 411 -1941
8
1691 -814 1422 -2052 -1786 -4582
3606 -952 -2639 2700 -1985 2167
-338 -3155 1323 529 3311 209
-2932 236 1776 2203 -889 -104
-3031 2183 -109 265 4350 -1425
-2135 3367 -1800 318 -3065 3715
4973 -4387 3066 -4542 1380 -315
-3229 2352 -2742 -196 -1966 500
7
-2 -1 2 2 1 0
-2 0 2 -2 0 1
-2 1 2 1 0 -1
1 2 -2 -1 0 -2
-2 0 2 2 1 -2
-2 2 -2 0 -1 2
0 2 -1 -2 2 0
10
0 1 -2 0 -4 -3
-2 -4 -3 -3 0 -2
1 4 0 -1 2 -1
3 2 4 -3 -3 1
0 4 -3 -1 1 -1
-2 -1 2 1 1 2
-2 4 0 3 -1 -1
0 0 -1 -1 -3 -3
1 1 2 -1 1 2
-4 0 -2 3 -3 2
9
0 3 3 -3 -5 1
-3 -4 -5 6 0 5
-5 -1 -3 -6 -3 -6
-5 -2 -2 4 1 2
-4 1 3 1 0 -4
3 5 6 -4 -2 1
0 -6 3 5 5 -4
4 2 -2 -4 1 -3
-6 5 0 1 -5 4
4
5 3 0 4 -3 3
-4 -4 -5 0 0 5
6 -8 -8 1 2 4
5 7 0 3 -3 -5
3
-5 0 -1 -2 -1 -1
-6 2 -10 -8 3 -2
-10 1 2 2 10 -1
4
-10 7 -9 3 7 -1
-6 -1 -10 -5 -1 4
-10 9 -6 -7 9 4
3 -2 4 -11 8 -6
10
9 -2 -13 2 10 4
11 9 8 2 -5 11
9 12 -7 -3 -5 13
2 9 -12 0 -10 -2
11 2 -7 1 -14 -4
-4 13 5 8 -6 -6
9 -7 -1 2 13 10
2 -3 6 4 9 -5
10 -6 3 -7 0 -3
-4 7 8 7 12 -5
9
-15 12 -14 2 -1 -9
12 10 13 -14 -4 13
-7 -1 -6 -14 6 16
15 -9 -7 -7 1 -8
-2 -7 15 -9 -15 14
7 -14 -3 4 -2 14
-12 -6 -14 3 -2 2
-15 -14 2 8 7 -14
3 -16 15 -5 -4 3
5
6 17 -13 2 -4 -17
17 18 14 15 -6 8
-3 -11 7 -8 -4 16
0 -1 7 -18 17 -1
-1 -18 9 3 -5 1
5
-4 6 -15 -6 18 2
-19 18 -4 7 19 5
-14 7 -15 19 -10 14
0 -11 15 8 3 17
-16 -2 4 -5 -1 12
10
2 -12 -7 -2 13 10
4 -6 19 7 1 19
5 13 21 0 -22 18
-12 11 -18 -13 -1 19
-20 19 -13 11 2 10
10 1 11 -9 -17 11
-19 -19 -19 19 -22 -3
22 -11 21 -6 -14 20
13 -15 9 7 -17 14
20 -9 -2 -1 3 16
7
-17 20 -1 22 -2 -23
-20 19 24 9 24 -9
20 -24 -22 -10 2 -14
4 -20 -22 -22 -24 -5
10 -2 -7 17 6 12
-6 -21 6 -13 -24 6
18 24 -9 16 -6 9
5
17 0 -22 11 16 23
-15 19 -24 -1 -25 15
-10 -19 0 19 22 2
12 9 -21 13 -17 -13
-8 12 -15 -24 14 23
7
4 2 -13 22 17 0
21 -2 4 1 1 18
17 7 10 -7 14 -23
21 16 21 12 -27 2
-9 -24 27 1 -6 10
-4 -18 26 -15 6 -8
12 10 3 21 23 15
8
-15 0 -24 2 2 -12
-6 -3 14 -16 -11 24
-2 12 -1 -2 -25 -27
-24 2 1 10 17 -20
-8 -10 14 0 8 -13
29 -6 -10 16 6 12
-4 1 13 -28 5 -26
17 -8 -16 -6 26 17
3
-23 -30 -28 23 -13 30
-9 -18 -30 24 15 29
6 25 -15 22 -1 -23
5
-11 -14 -9 -12 -7 12
14 20 -6 -18 -10 19
-4 5 -14 -27 -15 12
-1 34 -28 15 10 -28
-6 -2 14 16 24 32
10
-4 18 36 35 -21 36
11 -17 24 23 6 21
-34 18 -11 24 -6 -2
-26 -4 7 -35 27 36
-13 -25 -15 19 21 1
-35 22 34 2 35 -14
-10 -35 -16 -13 8 -26
-1 -30 6 -25 19 31
-36 -35 -16 -33 11 29
28 -24 23 -11 -7 7
3
-33 -1 10 33 14 37
32 -19 15 -2 10 -6
29 -26 16 35 -4 -25
4
-2 7 9 2737 2915 4452
2 2 7 -2978 -3550 264
-3 -7 6 861 3111 -894
5 -5 9 -3410 1546 -3824
9
-16 7 -4 -724 -3880 137
2 -9 -8 3229 1853 -3595
-4 -12 -11 117 -3436 -2944
18 8 10 -3607 -1050 2319
1 -5 -2 -1067 2800 -726
1 -18 -9 -2666 -1533 -3395
19 5 -9 -1651 2829 1778
15 8 -5 2332 -910 746
19 -4 6 -2068 2383 -3271
10
30 17 -23 2846 -1922 -19
10 6 18 -908 2990 200
-26 -12 21 2279 -2449 -1154
-24 -22 -24 234 -636 582
30 1 -27 724 -2014 -407
29 26 30 157 1813 1957
-25 -17 11 -536 -47 -1374
-3 -24 10 2272 1295 2310
-4 -6 -6 2949 -1929 -1362
2 -13 9 2567 390 -2070
9
5 9 -11 -1444 -684 1569
-29 8 -11 -322 1593 631
-35 15 -6 1666 394 -636
-34 -40 16 891 -1044 -711
-34 -15 -20 -960 1511 -1480
38 -30 -2 722 -950 -1441
-14 -17 -10 1017 1798 -1687
-5 -17 40 92 608 -1010
3 30 -19 -1236 -952 1679
10
27 -5 -9 -491 737 515
8 -11 -31 231 -563 819
-28 18 43 970 -518 -496
-46 -42 -38 107 -33 -992
32 -11 -2 384 969 -734
-46 19 40 598 -584 -408
1 -13 47 -61 212 -591
-45 20 -30 851 -759 -101
0 5 -5 734 -821 -223
4 33 -34 -548 72 -560
8
-892 -621 -471 14 20 36
831 425 926 33 -22 -26
280 -222 752 29 22 22
-188 503 -893 -26 -35 -24
75 -772 239 11 45 2
410 46 721 22 0 -30
-44 -647 -455 15 -7 -9
-48 -591 -513 10 -37 -20
6
-1900 118 -1211 -10 -5 -29
88 1215 -989 -9 -21 16
-1025 1853 1079 -23 -9 -23
-1801 -1419 374 -16 39 17
-1616 229 -1047 -32 -29 22
-783 -1163 428 -15 20 25
7
2323 -1816 1592 9 27 23
-766 -522 2714 -11 28 -10
681 -682 614 -25 -27 22
352 -2375 -1246 3 -3 30
266 -1026 -2085 -12 23 27
-1231 -664 -2779 8 6 18
324 -1107 1121 -14 -29 2
6
510 -1278 3975 -10 -18 -15
-2473 -3622 1237 16 -9 13
-611 -3957 -2544 11 -4 -13
3970 -1979 2182 20 -6 19
-1016 645 -1592 1 2 7
-1776 -1391 541 12 -15 1
5
-306 -3644 3377 -9 5 7
-2495 2113 4019 -9 -4 -3
-163 3259 -195 8 -2 7
4821 2337 945 -8 5 -10
3275 1020 336 2 -6 8
8
-1569 -1302 -1258 1037 -461 -1852
-2014 -2153 241 -2916 617 3443
806 769 645 -1744 956 2268
807 -714 1945 1466 -1158 -2262
1733 -1020 1227 -2254 1395 3132
2003 1752 -1817 -3340 -2308 1075
-305 124 -1275 -2225 -1351 -313
1072 -2134 1081 -2247 612 -15
4
1271 -2361 -614 582 96 1217
674 1273 2034 -513 1061 -720
-600 -2757 -418 -407 27 1209
-1879 -954 -2233 1046 -1368 -1387
10
241 -68 228 4127 -3747 -2798
0 -108 -234 -2133 -3713 -2767
-111 -95 -209 -994 3018 828
155 -247 -16 -3963 -1630 1822
74 -139 78 2665 -134 -3100
293 41 -156 -1499 3136 3814
-292 158 -238 2824 -1909 -3968
125 190 245 -412 2326 942
-282 177 -180 -1479 -1105 -87
-1 11 226 1695 -1884 3127
7
42 258 316 -871 4646 -3298
56 -29 -238 -1015 4535 -4449
146 336 -359 -3756 -4005 -1402
326 -386 344 464 2174 311
-102 -450 -261 -3182 -4356 -3637
239 -168 -78 3610 338 -1418
-302 402 41 -4036 -2683 303
4
-1125 1204 -192 -2489 -564 984
-651 1149 -1463 -974 1686 -1169
-669 -285 30 -2276 1924 -36
1378 -1462 1115 -1959 -459 1931
9
-1481 1886 882 2104 677 -778
-787 -2157 433 -1513 -1947 -965
-832 -1117 -451 -2327 -318 1481
-1091 -755 1727 1539 2128 -2918
1763 657 -1730 3224 -1628 -1603
-1894 -16 -1060 2821 -640 1401
304 -689 -1357 -2294 -2409 -1481
-2105 -128 -1076 2652 -1239 2675
-882 -1448 1913 2526 968 1382
10
-179 123 -157 -732 -2658 866
-40 -155 -130 1416 -2732 -2159
128 -144 -31 -1441 1055 355
208 -154 105 -2564 1269 327
25 -151 225 -1111 1883 -3022
-44 -76 -137 -837 2608 -2674
151 -175 -112 -3134 -708 271
-74 -4 -51 1163 408 -2135
103 78 216 -1888 -656 2162
-176 74 -33 -26 900 -1086
5
1782 -3340 311 -664 -252 469
202 1213 -1224 -919 -458 -23
3480 -2859 -1935 19 -473 -485
430 315 1506 -678 616 383
1091 -3232 -40 232 484 -591
7
1627 -1771 971 246 -151 312
-164 1546 -2442 28 138 238
526 1952 497 -287 60 270
-1713 -870 -1017 -209 -119 -207
1911 -1860 1267 57 -260 285
2143 -981 -118 53 -65 105
-2112 743 1782 -13 83 235
7
818 1304 -2786 -1713 -1846 331
2129 -2599 678 3086 4187 1378
444 -726 -2304 3717 1321 -4178
2235 -564 278 -362 -4030 472
-3335 -2108 2453 1934 -306 2576
161 -2157 -275 2355 3268 -2361
-885 2532 -2322 -2595 2770 -3139
4
414 -2762 524 -1383 3325 -1780
2665 -2423 -439 2347 2766 419
-1910 2563 -1790 -54 -2146 1757
-386 687 1566 2628 -4297 -993
9
785 -592 1015 -2613 -2687 -2216
698 -364 -421 -1745 469 -1100
-667 1431 604 -1955 -2283 -2636
-1067 726 -872 1218 1609 2834
-80 386 -1482 3264 -2903 -336
-260 -731 -7 -1832 -491 1181
-636 176 -322 -2926 631 1112
-425 423 741 2952 967 -277
272 -345 716 -671 -1682 -2635
4
-2093 1025 231 1897 3631 -3596
892 -47 -2049 349 -737 1341
3041 -1852 -427 726 170 -1910
2504 1000 820 -1787 -602 -583
9
2049 -1464 175 223 1196 243
-1829 -1305 -511 -950 1125 1317
587 1864 490 -1452 1245 1037
-2068 -668 -1371 891 1400 -548
1327 421 -1979 318 -974 -940
-1784 250 -1784 8 -177 499
-363 -594 -1726 314 410 -1026
-1412 1489 -1692 637 -668 -255
1064 776 -218 -258 264 -421
5
-1296 2527 2727 -706 2524 2377
-235 771 2594 -772 -297 2001
637 2284 47 -210 -2807 1950
2084 2004 -494 -328 -1184 -2237
-1063 1867 2198 -239 314 -1616
9
330 -2699 3379 -3335 772 2451
1451 3409 1980 -2359 -1534 -1037
-1409 -1176 3133 -3142 2241 3437
2492 1672 -1911 1156 -1617 3615
-2466 1749 2479 -688 -1962 -1441
1471 575 -3446 836 1950 802
-3225 -497 2589 -125 -3325 -803
2314 1633 -2542 -1597 -296 -1332
-2432 -2966 207 3089 1540 1973
3
-271 1239 10 44 -25 479
-836 1160 472 -301 357 -80
-1320 551 1066 -91 -431 92
8
-372 -343 -440 2483 -334 2017
140 -372 401 -172 2499 553
-138 -189 445 -1159 2189 -517
-355 323 -470 -370 -531 -1978
-383 390 203 1815 -113 3057
111 -18 -146 2450 -2071 1318
301 70 466 -2368 -1065 682
109 473 412 875 2894 -1129
8
2752 2663 -2761 -715 1073 -1174
2048 -1156 -2874 1186 -1800 -1876
-631 2958 -1152 737 1687 -1185
1542 267 389 2364 -1730 -2061
-2195 2826 -3790 -1602 -1537 2588
3515 1942 185 -1971 1114 -726
1170 -1284 -330 1221 1486 -1751
-132 -2485 -124 1783 2175 -470
