100
5
1 2 3 4 5
3
3 5 6
2
5 6
2
5 5
1000
844422 757955 420572 258917 511275 404935 783799 303313 476597 583383 908113 504687 281838 755805 618369 250507 909747 982786 810218 902166 310148 729832 898839 683984 472143 100702 434172 610887 913012 966607 477010 865310 260493 805028 548700 14042 719705 398824 824845 668154 1143 493578 867603 243911 325205 870472 191068 567511 238616 967541 803180 447970 80446 320055 507941 932834 109058 551268 706562 547441 814467 540284 963839 603186 587618 444990 596287 384902 575652 290330 189392 186730 612774 656660 476531 89825 757604 876771 923382 842461 898174 923083 540600 391297 705284 275635 811629 849486 895039 589802 949765 579696 450564 660246 996258 916942 793326 82373 612784 486445 630148 845078 243036 731490 117135 220461 794583 332537 815914 100608 146359 697671 45235 573867 910017 534198 680590 26697 635000 606339 575953 391210 370140 980517 36393 21637 961032 184972 123896 210577 800747 936970 22783 425619 101501 259920 220830 646926 350294 180318 503637 39379 100922 988236 199356 358556 731599 838327 918483 169425 672641 966549 58051 676202 845425 342313 250688 596792 442315 174820 471626 409906 569113 508601 311447 357152 837662 250933 560601 12437 741575 335917 45697 280884 240131 953130 352226 287878 359202 946906 633748 621077 715620 388018 414418 650833 1525 192310 334402 239416 637400 378649 875424 568152 414407 402268 701830 418227 662196 46780 445353 259227 157687 527574 487266 561405 755485 883876 494583 312059 466893 809046 875017 812415 188002 999421 633089 83468 725555 986822 401817 678516 316178 213525 717325 2358 822732 528346 97785 118904 649266 873654 279983 978516 100181 853939 396697 81346 274714 452979 792342 861360 133421 520866 650784 347054 871864 278410 18575 40664 680997 558356 946503 938439 909852 42005 749135 701325 655362 712358 902711 640142 372450 537929 207845 587126 8898 151024 333409 789624 718500 338256 620539 41203 163861 981915 289531 394792 548485 293408 478065 239707 48257 179587 523051 70863 403170 328521 414722 99401 908658 474005 840849 976230 343652 479087 699596 426536 301904 734751 894400 919689 626743 375572 974561 638879 65835 84670 749870 61157 7852 393808 519004 448545 488619 584889 679303 423039 368332 988460 260917 777101 431222 358521 63858 863579 702005 903011 451612 676921 118911 397954 207232 42102 947962 215895 146355 197971 378032 546392 151335 988690 982990 148403 405907 679930 877657 495406 917047 322461 498441 498647 670069 201992 609771 218774 340221 962567 899009 818119 35469 148367 256882 784167 842334 582949 718132 807056 66360 84644 868896 39416 225091 40633 15286 843955 330595 160691 148820 656084 968599 505000 901091 502429 573873 678572 805110 757847 990533 746966 905781 206105 535417 598615 825697 482214 791041 388569 586389 851317 798060 656985 241 181969 506858 254460 65621 859884 942948 302805 408074 810038 62259 640985 127321 287089 829941 55528 35934 417867 491831 863326 717189 673544 151374 986706 411141 611771 386684 47033 470890 151368 32466 617401 629967 105293 549144 346668 383415 776420 490320 881277 610120 467189 632313 337866 124324 682530 622038 788567 127110 911784 799342 916888 872535 681007 810251 519008 785490 189128 782115 444580 756617 455471 789559 75340 44641 934290 486166 901072 944784 666512 571797 215980 93477 819395 888773 779396 698503 420112 305312 113445 425971 566013 922881 935755 415642 99211 773819 734280 30701 446719 686419 30135 919283 962243 722543 78539 70330 359254 29378 347878 9965 974324 819007 70518 893436 207979 204791 673760 938263 123189 7185 369131 24651 604849 859176 186992 112392 344450 959172 130158 966520 362240 473371 292632 937127 958148 635916 184046 992952 102581 580850 156404 897676 945679 804391 315892 242839 754859 291060 419786 46256 132234 20550 77922 73212 420232 550778 740879 142284 422189 636967 84556 444812 369257 948932 57858 408627 417226 728181 320672 203991 293312 470888 950269 796518 276971 558182 688201 795658 446165 398777 767641 431717 247958 453448 937105 142568 462436 637304 483288 203640 1844 698992 618736 7777 298561 768635 628921 545209 156222 706295 471435 678179 760090 232363 761996 280089 984016 120832 883719 40548 256576 526102 581617 396235 102032 252609 283397 755223 908775 595410 35451 792237 305604 339891 530186 249048 919979 163555 414831 289692 519835 573982 627140 531376 410805 634595 403413 778551 788178 292255 371805 628811 157070 697032 381428 591063 139534 668259 354058 472666 415108 476716 694696 318241 652055 60223 300186 745210 52406 621143 25547 471529 888546 10111 526829 66457 867110 686297 741954 669008 6424 41178 620877 999686 873148 699686 727100 226688 751614 287925 105461 460895 330196 168256 421710 897201 435271 447292 708828 524162 129224 910393 444125 789338 388876 806847 389537 220160 196195 940035 586531 49794 388348 234030 84658 186756 56991 638074 173374 610780 612507 704924 512119 284424 877458 353072 458295 631880 516125 956469 954718 929760 934077 580961 490203 704117 215420 265873 43808 162858 3875 654628 140407 786680 680504 970676 396515 921392 453705 339504 102339 882833 794791 322929 455745 325144 28830 44353 368705 209592 524515 187786 201622 672668 735603 312233 859995 254640 343941 712481 44503 934184 72338 460932 724605 47469 809003 978894 460512 118124 81477 98731 765442 414013 919235 440640 77144 426936 754828 829339 39352 180390 490014 128086 871093 934461 319597 434844 557055 285506 541076 201186 296642 441784 604670 536166 260988 231788 118731 783494 98901 732886 248774 284557 736084 659621 741922 515284 859096 121794 645197 118245 737284 358905 674883 703484 660609 221558 831800 240137 518154 674646 233604 628512 286832 171383 809749 553123 327885 585431 25287 129823 395581 975757 510475 76457 765041 781444 774803 569499 695699 213458 732561 816174 759967 353463 591029 628990 900810 108014 833934 526436 358615 455603 12636 220074 652764 660850 494699 953326 480916 313944 847781 259159 604306 703419 821697 785369 384093 59181 38288 726461 961692 343166 441196 725799 657832 260107 671585 304903 356358 539514 732314 151217 21988 627830 24565 44964 225776 653877 66546 62406 972094 422653 892429 216525 435214 358036 176936 328814 986796 747310 382669 409285 263741 531337 735637 686647 462650 41940 921508 408934 390299 3111 138228 868854 513935 732435 148168 330052 840137 820659 246795 21976 806467 168845 787682 683660 168315 78489 927650 597879 620511 457512 150071 601970 252473 805895 732719 27268 932424 36317 89620 292735 150810 236146 355810 735500 404712 269840 492314 392594 310765 900542 550449 977328 772913 570500 262447 686844 455918 721388 403779 496006 20684 739959 34274 680726 582004 775918 289778 686111 207098 529273 340281 978455 971867 208970 566039 329443 968539 924526 586146 720085 681325 353356 916362 899454 330659 747395 9093 816360 564870 952307 363194 625714 323003 782786 600703 987472 1013 140759 43602 125848 929386 948609 113590
1000
480413 946690 818388 778618 747282 187655 548878 423880 949789 173834 169859 658862 157402 110054 503924 796661 605046 754754 265759 284963 428704 990848 717919 946254 537871 554560 990091 189989 782591 791514 844742 750053 155334 661128 923704 563286 360942 949521 561599 411637 614134 804126 228303 15693 529095 941358 680258 630909 627816 496990 730920 249195 891755 274473 944946 926497 77925 448180 744037 449655 508900 806824 704993 958005 164486 923560 927987 634749 940391 252686 881788 773480 609689 90630 30135 10970 250559 762353 386626 775447 625643 389262 880147 38418 465313 829853 126814 710488 328116 24302 473725 521693 41587 565920 347434 4494 190774 110811 540622 43121 928133 845062 945298 314802 905268 984313 764732 275083 670890 595664 404204 306098 59849 125383 133957 480893 641894 764069 46714 823760 43472 554947 744148 631222 949679 344699 585884 82800 559797 813299 201605 260965 700406 253882 259246 935516 998544 155199 900163 552727 38602 585503 641550 33796 757692 817801 71644 648400 456548 238722 458671 159390 333666 655208 476486 555921 543443 820595 343383 812963 79988 427734 352321 451581 833510 512400 987247 861461 118847 316892 22726 733754 19201 885939 193343 413837 62040 311255 389515 52231 767551 711350 357884 835193 77422 54007 354981 901842 756468 672318 562736 803766 412227 30689 802405 190494 387659 357610 123366 350785 177087 616014 653435 13647 456476 554053 871663 496032 80451 51724 862110 790730 858448 262243 647998 95719 826574 333613 955148 471383 33068 909056 625533 287082 36804 376687 156861 548281 146884 174615 920870 640121 242582 878897 624716 945600 482917 887901 678444 44169 240291 281577 170017 238187 226041 878344 462899 876512 137998 564919 13468 930302 5638 389908 801586 999882 19510 824086 510088 38183 777120 111903 611475 778326 673591 379875 26442 436264 913695 332924 247959 137831 510253 533349 73049 407759 658682 966051 431542 436036 471134 225034 394838 645265 397060 581376 835583 997968 885040 371797 21728 611605 474551 237018 40305 321571 798072 964120 106661 877640 48718 713476 26796 421050 870231 393109 924565 713196 604185 161380 340496 411097 590205 996039 283710 503563 933448 345421 628605 766132 630270 753431 195694 957338 176898 583682 296043 634424 291111 431214 682223 269069 727876 346878 132157 613129 165759 430578 398398 76169 710770 680824 777796 544914 553917 169234 207464 228250 525304 818983 356975 881872 735879 716448 335173 118478 962791 854611 408868 863219 899218 342474 501562 331790 695158 912168 984545 743780 305243 880494 992620 346527 948713 511547 964636 995856 812943 683438 154015 4918 595471 704460 935539 517120 696847 647356 204921 644301 981722 111185 688544 614306 375855 793348 10486 892412 817364 480705 108140 452629 584253 253884 486532 775729 922732 561646 827242 77934 856369 920815 168002 827488 849567 878659 517140 608255 208084 708132 405018 21170 134268 388219 885180 564943 916258 929484 86795 588216 334529 506796 455525 479944 101806 833161 490280 644988 472679 181019 541001 159540 852180 831605 143639 68844 68492 393245 953042 556141 265527 229649 110874 141072 811864 138634 864062 822999 136809 558725 7056 862037 558278 755341 490346 690422 931240 559546 874706 343046 97533 5145 226651 838587 311496 224617 495631 946905 508979 340872 77502 573667 226257 367500 381163 758185 231629 935893 742389 481120 880475 359168 384340 129370 778557 401193 500254 470969 656182 373939 915862 431923 359214 400879 766296 993057 866515 479728 291360 445988 344016 243533 186941 955876 499306 109975 383907 388717 513535 980042 976634 565895 618092 675630 502223 486679 314524 683922 91896 317146 890979 227379 967583 984170 575383 40436 93479 200302 326812 113109 797211 364155 233734 43694 382672 4507 116492 604646 934946 199366 741062 197706 1496 896539 846109 66779 177136 234301 928322 381930 807382 435814 381245 765349 615761 269318 582811 703853 827079 677180 640748 595903 92051 945190 714842 272872 692351 620818 658852 378909 573176 660028 201657 508013 120342 105531 911061 124548 893267 469800 454903 339816 416218 377233 564983 335594 821976 233562 248471 480552 935082 23916 723414 6007 404861 764208 446080 429489 253217 475096 228260 283522 653294 599448 929546 968870 522381 87557 299904 517805 673163 946198 155108 36685 870036 805165 765749 468601 677781 411470 192052 390894 787047 801856 961135 887668 682085 520913 723928 183204 923085 712577 594486 434042 633542 617679 898855 570737 213378 441380 242969 904951 843526 555820 196392 43543 134170 443220 674205 223999 684521 861950 757242 425528 645728 988368 885412 338150 685448 163212 557369 356534 438147 438899 663233 845997 468572 146585 754155 751644 953846 394057 463880 540596 892124 704217 21279 207323 853895 585474 873909 411400 210468 4141 996051 136382 642969 489709 380150 537203 78284 970035 492737 15290 419344 757202 312084 745023 767363 239121 967973 27889 863606 512650 153380 258393 593518 278458 838422 219529 384062 506814 339773 824143 263883 88978 154786 626946 563563 63299 993050 479441 319438 729163 24292 434250 664414 962137 761638 885160 118906 429771 31791 271995 384297 343822 373741 803081 189544 824496 541922 338746 552236 161424 495455 21954 862976 331582 344043 995152 613456 417654 790657 67665 570505 520701 861229 586201 485273 520226 781898 347321 557790 707391 995556 693685 961872 399033 608781 745295 348416 269175 972834 348534 999903 852271 216069 828220 983628 276821 664455 769590 83282 819332 308361 706382 950139 35110 611713 292405 114659 711855 979047 512711 346345 449090 414618 531902 409176 80373 979428 996708 174135 241040 436957 698733 31345 835498 638434 269294 870868 661210 316925 547846 979238 48433 708463 849414 692317 140019 597150 785956 418596 582429 253468 312749 808571 489499 448812 122884 374471 520722 231013 807936 383701 238490 308298 824464 904144 960298 15195 753895 525485 124561 246534 281691 404217 470722 936789 58356 709170 854107 357300 249218 221309 300840 145298 551678 250400 27252 232634 820633 417371 883537 943616 243349 559973 881067 581421 168001 247954 987625 299387 867703 795013 741985 721943 789982 847408 62367 167810 505530 212490 533219 493183 126772 85962 11653 825037 81742 961566 983832 745697 450384 275789 412453 345294 396296 726196 892527 157716 242671 209897 45346 854201 511276 67035 446256 450611 777956 761398 134489 626876 509687 13492 147736 666849 367026 963686 501751 688284 133618 479449 734122 833482 199608 396907 473528 440373 475442 295901 808721 913078 349001 637861 380706 578752 695539 501517 674583 757146 843296 188810 216385 514372 509658 807726 517384 900053 777603 506316 826327 475856 341716 433424 456209 650532 52158 729509 968233 458818 68773 201257 103215 256354 793908 1050 873580 939548 185004 173587 965763 360381 811777 9011 990792 16491 607571 928451 831261 310403 822081 393048 499807 363279 354719 582076 782068 699492 768078 14274 531694
210
920852 196809 184475 178815 658095 611740 505634 586802 940577 861211 905935 54158 897413 31351 647643 930833 502464 419321 331743 916124 925970 619126 714429 339128 138175 979001 657023 274388 977084 608970 330586 895814 77901 804154 159580 107675 258945 714826 608009 421279 159047 923752 766286 686267 812910 774246 112426 773355 838726 746756 482278 686446 100008 764346 262228 785127 635285 509079 536018 74731 40898 14825 775543 138496 122867 385063 977703 885925 313290 819799 85078 392041 579206 986247 48707 412422 919611 27611 599083 399394 560269 703350 406696 892053 955715 985060 54779 836830 878373 145406 941430 127114 207315 955547 830784 576552 287809 252716 403139 8994 636360 51551 773853 70164 10255 284658 772693 832638 507303 938298 114518 332220 740346 323320 145361 578361 62574 373017 253869 331813 485183 535703 84358 315529 383697 403305 480036 425873 74028 219325 644287 828765 511441 148190 70468 155895 384048 565207 664258 524360 565291 352234 665597 726861 402126 814913 743933 904744 466749 345222 777204 37594 383877 977194 342264 512323 249770 76947 110952 435211 619003 545749 518683 111651 40260 358697 942485 179818 269262 483141 914208 946975 1304 647896 236159 654482 742847 887140 683418 847210 784480 160717 43693 738779 525919 997866 164891 385270 287784 878698 483696 913650 707191 998807 599780 976160 173407 441681 578392 978296 567880 865265 628506 512402 391442 368635 295219 211370 962578 86879
867
884964 942300 238167 337729 633140 322055 143929 759860 550392 536524 710472 114741 921910 479824 691829 600325 605233 709912 88796 496734 210290 389684 511746 353949 406713 730870 43328 956594 603918 163555 557219 80936 501474 688632 419778 314182 673715 935286 873636 385369 863403 115035 58721 983187 762909 614989 558781 308879 899083 852751 481716 220383 676396 726190 995507 790379 91247 989941 854513 582524 330932 732928 596622 95766 563513 20197 788697 823586 730116 91479 588094 391396 128394 892091 942295 922284 531218 864429 197837 295484 908712 590374 226016 130098 228312 496007 303490 734422 271312 78438 898213 663840 974065 181998 870388 17196 537823 479743 126197 815119 270852 898435 699414 852361 866481 791783 736489 4071 143431 207133 577483 3375 127157 484967 41065 318747 219989 174408 316606 881217 231443 649159 733999 675281 188746 349801 272158 538647 969036 217873 552371 65477 375568 954173 908478 95207 852526 715707 917924 460816 422556 896153 536158 761368 177643 68434 440494 327052 511874 344324 862589 735605 383957 125867 709845 541086 151946 34785 616701 516248 575456 415862 468712 391427 87726 535306 121605 673489 749419 167930 201512 240712 598511 406493 887531 547968 525637 218494 90858 924710 99639 130226 195309 576827 639034 431637 394898 641028 262095 800451 640050 602863 28877 345375 768860 205908 644495 974720 440541 517948 212041 7017 236602 471840 604272 835930 290019 329045 720649 664282 714523 877285 88682 124487 496343 612605 654072 230098 136096 921436 240071 17829 282913 517200 633355 739210 145589 507877 320195 724684 359495 811144 191620 994703 521440 423846 725658 378846 35479 440877 287795 661212 526715 830099 489280 155346 148605 572624 264874 211600 941783 139297 916071 536228 936909 839034 298879 470197 85284 366672 926728 101000 245638 42727 860829 683588 589346 465653 260044 585844 702716 793000 162475 625304 678826 581174 727755 517784 954641 650186 628048 13158 143542 601072 766912 144259 636829 154347 763205 821206 620614 67914 279439 269532 467834 780066 578318 991957 708248 141360 979130 58613 332858 637252 390487 22173 296485 241867 776150 592554 143996 872606 212999 319679 874724 765217 420832 519272 979170 710807 715730 655783 988239 924009 298240 445158 635687 236901 647284 903273 306276 367923 449940 386318 643323 51970 776737 285343 622007 423869 611290 568949 517558 160324 7523 106977 384894 257098 484798 470832 515389 132710 497409 950487 171988 15544 338889 708500 860751 109268 31203 310137 622035 920407 330424 779363 127517 640973 249964 761179 912126 441407 687219 354038 849073 410134 584078 986455 557638 452831 96061 949621 524900 700792 654583 237444 637071 96629 57289 840914 600783 301373 526840 557903 677779 135 144449 93170 753087 452335 198397 374487 669455 461225 545860 937534 400324 103254 107139 724718 312470 115039 778182 888820 102357 616514 740489 245835 836669 684013 444570 165716 257833 829469 167808 704634 570943 560718 16332 122702 309805 630330 381436 256492 383841 463116 594584 559748 368019 425463 806240 589016 970485 602474 283291 513116 472902 852927 737500 880588 717830 253276 272816 163809 879043 900083 323565 23224 474268 788380 702957 675604 21015 101916 729216 818552 182218 816381 951281 601635 551721 32923 413944 466996 953455 440862 11911 567101 68121 992020 659693 719090 693488 940997 404948 278941 78715 22822 477176 743702 739242 2875 616660 831783 866950 769625 418881 703958 701534 64204 38889 346133 643356 380967 644990 761513 771378 283184 971738 553795 627904 635209 673347 154008 674580 431538 968690 714151 973991 991061 834000 586194 600676 469686 369675 418741 913493 646305 169928 37261 439152 440867 65825 226758 331401 376733 624904 155992 821788 497112 69126 99587 943174 31986 648984 178988 654206 987594 918205 437257 431504 289440 440415 957924 37860 478836 895726 106612 116721 814771 282827 797937 301808 32307 819835 331820 461306 59852 650833 828953 219756 933207 633596 548198 205852 876069 423950 42662 925779 368848 294590 58001 33096 43104 874961 867881 469732 81248 139253 947523 560712 795592 76832 65320 777127 115809 820702 934450 432832 115131 717623 445687 501412 887987 539857 138197 372512 849662 511446 80747 506544 35096 879307 248115 729179 994643 896365 528630 324148 698748 546612 908803 242176 693456 152486 405093 777391 364350 283625 352903 373655 7978 143124 740577 692788 652483 136854 115833 489553 483905 125800 965823 817345 872217 172193 656537 813231 323515 985347 95075 793230 144612 251314 189519 115740 670893 242960 799253 769445 957422 774692 990031 557326 31991 332009 394080 966316 421130 270172 799747 919783 46675 980972 722681 995753 648558 7785 678325 226731 988465 932084 860759 708661 253394 926641 822616 633929 170953 199248 566920 593300 408012 813519 678378 258056 30045 606788 329398 889836 234205 548634 197929 966729 642940 753084 890857 453882 546741 449640 619079 334754 821964 365218 771384 16699 363685 479895 901052 722367 733805 636645 900749 724920 631475 920857 764196 14789 868620 188193 748376 413383 392305 153855 428865 999444 827291 736742 642938 214676 63169 932721 908548 2219 911087 748861 98746 154223 176370 256609 902824 421180 538478 424344 464098 250807 315121 252450 284898 607921 23314 937287 513741 502123 421878 731006 761305 722370 965397 414497 85644 798337 712473 25451 492821 809775 948270 349681 471750 444905 744091 703455 474903 185019 587141 24990 355747 307862 66685 97394 788317 453157 128716 933991 315648 440227 694815 154532 782498 845321 491252 709457 723380 991870 775248 360771 510692 393840 535106 895766 96195 894213 503908 145402 933892 194565 26978 470871 573670 50541 628874 563121 563150 80951 356748 130579 467917 370621 329835 881799 624245 110057 657369 996247 365292 770524 657149 475053 404602 213950 417762 266813 486306 669376 886867 145426 809779 761962 628070 192075 71708 136852 321851 291373 810398 343592 162270 975721 704894 803309 497221 96899 586260 444744 318050 87482 316113 671327
357
713335 116634 378842 758866 309689 855973 864061 189223 649588 639417 169756 557777 475243 240739 712999 895380 896485 105769 378853 89251 463863 663181 706886 57706 113043 632164 834932 607513 93913 81839 580611 216905 747632 302131 825940 902100 531062 702665 764067 626672 646796 403682 892813 177203 161842 724386 211422 520122 901464 357582 735613 869067 658654 90796 516352 797043 997769 458660 56262 349143 499499 929403 65181 915810 439975 99533 751617 121080 133981 236864 547241 660319 860370 589738 637490 481194 504305 662966 269945 295992 622979 621740 180196 195711 548434 833242 311783 173995 48548 530166 528455 612664 546566 658954 870132 317500 796042 226740 330871 494384 519634 737684 26053 738414 806129 1399 561992 18728 138319 871190 54962 907401 667491 765926 675227 758382 731964 894860 359846 382814 649427 530165 678523 368160 418726 392137 39635 736846 568963 885949 737907 414905 775446 63411 636127 931192 891612 316409 280569 294859 886651 342251 413350 329692 266227 870099 443667 534215 401338 335341 403593 894886 280318 696729 214057 909213 466926 298777 428571 739758 856409 812596 129810 967307 477324 951105 170813 940914 192964 869391 270681 840951 163816 854759 661365 121399 936862 434023 183693 843670 54399 38234 737243 89872 746412 94468 939667 137342 562944 646089 366208 95803 488292 335654 890937 203166 223779 597193 443990 286980 140342 839813 95549 903966 940443 130253 924637 265711 792470 324662 445595 710493 546240 754587 396309 62307 343461 884636 802329 926183 589192 328211 481715 493191 245012 871268 59071 331570 978144 560344 943827 6216 811647 625524 856406 734613 999864 337746 743995 844620 693284 791268 819163 271785 283233 404477 23775 905051 811070 131826 818611 329560 606813 489198 444686 609012 907372 414105 26662 851381 951901 807177 156673 421179 756883 863612 869863 923637 641614 138665 420158 959496 132226 932950 359579 590880 813453 92920 112360 478368 904325 970276 654303 191483 793422 376221 264311 589912 442926 519192 970446 38378 873551 433491 845736 876076 736855 473758 521739 596079 395515 713542 854753 336947 954505 562721 293636 162740 726340 281088 808885 946952 352498 377983 301800 255667 998663 827712 865084 27693 952392 823870 823270 926615 411717 76872 569447 535693 215932 742395 985183 716272 794143 772737 810506 159597 605596 608318 874033 437902 260171 536622 493601 16828 48777 188107 492572 658544 520984 574885 992000 87644 372702 545367 790653 883714 823366
656
894352 791990 580771 12181 412609 70886 962978 826635 345973 100448 564087 352109 723266 837297 596978 818319 8475 233459 430652 465025 812740 175505 572893 537927 647891 13692 43731 90893 393395 597752 734007 650908 107512 865827 394508 816359 171160 380292 670436 630088 518791 923139 811559 595853 677666 415200 512902 630259 837409 199978 457725 184041 197201 35680 119182 757351 329952 304751 143884 576382 415086 55265 382587 807609 756773 974740 857476 497691 792377 785389 410026 387150 560096 442562 622939 813773 918970 643327 524808 215825 399577 224247 728847 540292 153285 165221 28174 113790 619169 637643 528266 789436 546489 256414 765553 366433 44489 216167 444749 613116 779512 861455 774289 751459 589345 193200 666143 694381 268095 371103 293829 995651 697117 359173 194761 340544 241182 830781 188016 378453 534933 251438 168886 961381 903673 26865 533580 43732 433723 109521 804524 200994 300605 85819 968220 500125 422192 552853 179469 797505 287115 846927 739176 294695 486039 294469 940197 848975 538991 689738 77687 800734 358297 268565 327710 889203 103297 986506 463580 627390 506645 62699 765735 401049 482118 821527 311574 140960 45625 689968 66336 593447 68143 112907 393895 291878 107241 941871 946473 962667 980424 909531 566035 404267 741824 523769 227332 775712 163055 651787 949767 535301 145416 358335 510764 432083 149093 598181 880013 971684 181383 658309 21764 149820 513380 606421 247878 734723 892052 970072 103927 683339 522991 698080 933413 286460 881313 90610 41329 925087 258930 710649 219766 588290 340286 722999 744811 902336 803373 450161 127314 671392 439250 708805 988194 334774 443675 343268 321293 242503 352868 362032 358426 947917 375198 17420 964847 581029 308202 793768 22011 854609 118818 24199 143376 835215 50732 913785 291825 196993 655040 242424 565237 763901 667688 317384 633329 628809 20737 460840 632726 381581 160429 912637 10866 865276 166703 991388 910687 91831 767641 667814 864641 496392 312095 790784 736410 536383 985403 769475 497141 925810 505820 843109 49953 129909 212941 232110 140431 41534 559620 589971 726530 614856 453157 449912 14064 616400 635911 625736 961699 703276 210733 610616 553925 672807 594827 757437 458028 566861 925650 263911 662484 737946 821173 573311 974189 962929 513726 452214 103253 587165 311045 688000 716217 866026 743100 809399 841099 995872 329080 588848 557237 570876 667776 936926 18292 310127 462594 516826 906880 499643 236519 857271 514704 784301 264105 944962 401383 446854 476759 330984 758581 576230 603491 600954 294409 341723 91170 384998 262261 348674 624733 684999 748493 221505 183065 968169 466475 475757 83035 687072 172475 52218 250978 966152 332438 57025 670295 174022 284732 476123 540595 302841 924770 757839 626807 75107 818026 829167 808383 831058 173794 898951 294583 264430 1828 157764 347584 233317 874136 47666 445176 378860 864750 835441 324427 678185 459214 250046 696589 465214 695555 737948 561969 264333 137182 10491 423108 660589 826677 284897 68238 481619 338474 334387 47282 519932 442208 707416 678276 382620 42637 971569 202955 739037 561419 30118 733181 972447 149693 715347 572049 540674 433512 446705 171967 360695 675467 849093 736130 626252 229012 5473 858282 766367 946787 135757 973925 330105 563792 19370 794439 934963 946253 154924 139550 547758 407449 18729 288214 778701 764244 237247 919340 367582 769624 342354 986309 676213 370957 64715 187724 947140 575158 799816 212801 524370 600289 938991 505581 923915 318701 582732 625278 96064 165496 255414 262269 184923 418592 97403 149715 855646 179327 447620 80907 796605 268074 662473 819335 414024 206930 157710 459733 594603 658887 586622 244229 1574 136481 441088 968911 567612 979775 841082 995981 289396 689873 430876 871006 613326 403959 943225 841170 493701 425180 403273 405046 309971 167347 830371 121858 622899 159160 867849 227810 125742 17779 904731 788669 313610 864489 508026 219048 567584 28567 695697 271250 373805 862777 623382 959276 226617 6686 851990 609119 133072 253499 947100 577241 553728 770864 901288 390192 824499 869083 955071 480404 892637 823313 469620 717909 135041 744478 396226 827910 344972 797548 290125 498733 397181 996382 241107 842035 807883 946744 692749 496588 941713 37761 907738 742057 202494 292468 863913 103747 270295 150676 209314 130382 347104 873123 592974 159185 104749 997985 252384 286609 185724 279030 944614 371095 413661 334336 595774 524621 260661 107672 554711 557388 56578 341480 424153 483907 317618 669410 801268 119323 421859 667619 592594 872416 870477 545496 7977
807
150257 9255 386474 365047 28184 810425 516352 975980 833493 807828 399018 943425 713280 105038 553822 211239 642465 402440 41035 899488 919493 636724 207812 411713 694650 115860 207187 90523 934008 754919 137427 235647 657270 973705 215384 848245 435241 857469 11407 522297 418660 787279 961161 101743 753241 362958 881563 863904 997397 509337 498783 212044 51156 905458 108179 432204 101452 37444 327828 114509 283018 992793 240533 787882 788933 64902 391564 149181 324665 130452 137917 714399 54188 476623 551771 424316 247505 623185 97304 174678 295365 449178 201874 649332 261859 478993 804897 669081 602704 832326 403986 430009 390594 130885 596562 490185 798001 608568 345276 859280 276523 305577 869391 979921 211728 224743 579317 24416 815056 426438 731128 25292 794573 548400 21931 48249 407011 623214 453040 643736 900394 381980 420750 795142 43662 339025 62485 653634 674263 664009 620495 746008 13918 630204 630396 834272 754373 34419 592066 411873 279620 108301 121589 155493 239107 483073 604740 259917 204106 522053 488032 75159 228512 393818 934216 458237 246249 873761 998188 155431 872370 490872 256330 812225 549400 552425 697338 390491 700537 741589 808796 48227 306718 582996 666204 596392 802948 332090 639976 532965 842397 298876 534673 237352 924715 962949 303716 862699 434343 291998 380597 743266 983850 830363 843168 303283 195099 242503 942870 163846 212832 793661 867041 244785 522762 364550 863166 585289 476490 679646 984898 638757 808149 811453 264950 390250 198877 603877 786720 415941 333133 426959 721556 40628 924458 661191 572564 14183 86210 150983 616398 559216 164187 859397 332193 139742 291874 750858 486461 637860 269401 620251 246432 13247 717057 441796 301586 526096 381015 807578 970380 652150 38479 653848 9226 399463 91622 863488 26110 677925 462170 509127 258910 377027 432902 450232 488409 834921 630870 860297 515719 523585 628751 711996 734643 559129 399847 277281 737498 59374 957171 989819 896773 887223 957293 600963 835728 185486 459029 22918 354380 434962 173337 713081 176390 160453 749458 910019 925239 866844 198733 605206 531951 51202 230006 572327 858845 755008 812237 454812 953665 611379 279020 331010 374413 130724 643213 536717 823569 97381 153542 337959 216915 251132 352034 353938 507641 739691 519718 891225 63164 656291 661279 932115 575720 710722 459452 74092 99680 455642 627472 381880 184613 867864 958073 344208 278420 141113 973829 566637 546077 313573 800562 188510 665955 670045 935847 833335 444494 723388 507038 136449 539869 719373 927310 555822 265193 513458 695113 284489 131412 192916 300466 207021 294376 42166 436339 691355 10339 166513 103252 419039 874400 268796 401579 354148 155185 91262 214985 41956 393361 759751 278463 989183 504097 756376 567995 567746 781587 784443 205339 160687 184169 231531 78382 231721 397353 630148 27588 614642 710088 891508 655816 567366 298067 382222 613224 802805 348723 665856 363753 619021 44298 101132 658902 857429 310262 740579 772037 68068 670603 435162 200622 204398 821525 677040 405340 472778 161003 989189 524859 73964 412801 877935 320074 732639 80079 767696 612345 455380 192886 489282 795431 51022 250395 291769 294420 668091 929502 590068 656090 493073 471777 721117 684097 366671 479829 69909 308228 752524 981159 463369 442471 144731 689475 888517 64365 647802 209194 135447 665216 286058 81088 729625 872659 584398 767343 690931 537887 455834 555320 277833 5189 641859 900627 351960 437219 701504 32764 248659 770438 651926 46658 375419 596936 117054 940510 173828 605856 67011 251467 145561 762052 979454 891927 217041 640673 907487 658154 61467 449066 331903 645991 61718 659000 47945 56176 228367 863373 767927 264136 9665 261251 933146 555654 80032 725069 628918 847497 980012 846919 678557 877379 620716 211403 514785 298919 247946 185314 67366 285269 876691 508543 529878 110876 957296 120505 965179 186356 49236 940873 31031 271946 659351 572702 732541 315366 752412 55289 33139 233450 827330 112059 735070 942495 970948 91313 255860 57618 762039 423331 264835 901688 590990 976011 680906 110714 134999 117977 361812 788389 917630 53976 408679 941715 799140 279814 897406 137825 335456 204474 424173 533906 72960 175973 618480 840096 88792 956488 500808 774799 58507 357306 461866 564719 962847 505318 913600 967767 894129 351515 867755 313126 718617 697108 602245 900091 794543 813469 424016 885851 729161 315605 422133 239016 850871 373352 375183 387807 559323 282158 819610 669430 792031 68366 376675 207497 193346 337039 852657 377713 63042 847740 786399 548570 46448 152828 357669 415246 300050 767473 967417 427571 170934 451603 137941 463971 409227 982236 352361 121938 930930 703612 696189 325467 203489 712404 289523 615179 93829 437913 635677 550568 638731 230468 454961 65589 76044 207062 647687 795077 598334 356089 7313 694792 850268 9644 617266 344554 410731 733257 433574 549571 693171 660032 475779 536748 644857 13448 23172 465503 707355 950990 526409 674032 920938 99499 127439 476634 567201 303878 386280 869577 531292 573130 928277 595116 462052 178235 191072 505319 45314 509058 880801 388421 838503 751535 813510 338017 609759 652850 99372 170164 671880 720923 40597 485257 479675 424440 763136 970696 31298 929611 736399 382260 235417 587640 534937 948581 974512 778738 877966 691922 785433 533541 700902 436931 921657 915572 996616 256263 217030 616527 369626 396719 772273 676079 853800 808303 489836 104432 422174 789353 367057 842494 399122 817921 759115 671580 7074 925742 366959 92470 12686 860912 418499 586482 984692 935015 629848 731514 643381 419318 115995 207043 297948 214059
206
235423 695877 970762 637586 293092 815193 156336 649028 494111 751945 485893 621338 3052 843576 724650 197521 946333 989755 628343 835949 989789 304980 184969 323660 966862 295848 450934 851115 177475 453902 264062 419486 960918 437319 61681 892735 857414 342981 48975 494422 640841 438785 67360 93498 748441 534814 649627 295644 436372 341328 654959 455101 111505 678777 973540 412404 32929 541679 637598 354338 899468 950682 470344 503908 425661 684494 58949 305172 799893 194712 538281 217456 114780 404896 549240 262358 339763 451526 729282 149376 588352 597797 973922 605484 406505 482174 613472 532356 674071 293729 246563 978213 941545 739391 981564 993375 270758 345492 921333 716795 149057 788307 193635 205547 613750 208602 381253 163235 689512 615180 907165 95479 986128 307727 29037 349252 947505 290240 492374 275392 676643 371629 924690 109195 626562 987474 369164 535088 773449 145609 475084 854858 880219 526814 798037 533889 681626 810290 76101 93481 44728 898082 219744 505524 355931 389642 348537 867256 105624 741252 503132 585706 470020 774238 543045 410679 412194 425218 552458 244075 977234 860198 336992 531895 648580 493328 172596 643785 667049 586966 520986 468948 978005 97946 885312 1857 758630 459332 532213 51164 955239 180910 826615 995913 886992 636706 152244 592483 676019 929121 686116 161689 38002 807554 352348 335812 349690 922958 836243 790866 485527 984343 578378 888384 967544 601660
964
30280 538486 118474 818796 935634 560774 298990 901170 102709 789017 41588 776369 763449 791037 662852 182169 822627 224043 828821 626872 842354 538068 13571 923085 567322 446344 457213 566037 781959 316332 428600 190532 480220 776921 42648 847560 159493 163407 211837 740720 686483 847823 189013 904235 161231 160577 420908 335403 759849 675578 59653 109788 525138 104107 561914 718729 618749 9442 936021 254428 457846 524693 977376 309182 657642 838421 564572 222855 278098 130759 732017 495348 329335 918243 199730 126787 620559 393725 379162 589171 609141 19186 98403 47590 33901 211325 910366 76590 193298 576699 378621 665769 207032 689348 74784 353430 427287 614169 17555 32142 115109 601562 439670 693214 447583 7475 245755 931969 832684 751455 316268 721494 276583 33132 390983 692759 243619 988353 315878 624672 105291 88489 801114 597880 106199 391557 628105 803984 438370 458515 875884 587939 771473 548483 692297 806917 833749 184200 704670 713674 433165 303665 206837 941252 685737 922764 639215 309733 782246 865707 815776 544121 499233 819513 706586 83697 759161 817942 505075 222127 452695 496999 825418 495636 864690 424280 177609 409857 799320 609566 913200 709275 696630 923419 718899 544539 866858 920627 926520 226328 499681 638633 49872 413479 604706 840758 42022 321210 315301 163158 325212 991379 490640 73147 785698 985851 921559 610043 402441 821059 573207 178376 664374 475437 698759 205989 290125 304647 290341 703473 350999 665439 15294 24997 468273 916722 47022 85743 999832 311030 73946 62518 80101 223949 588061 34527 840142 941555 333655 830016 608368 23867 828614 975124 733465 728298 404159 855336 25935 355942 828818 170668 190246 52719 29202 886876 770347 543906 844773 151701 985098 722087 818720 257713 19163 612337 749909 928037 149048 224147 613085 814860 296985 391322 696641 77995 476558 268011 33556 365828 297788 894617 565317 233396 307059 524597 988582 273941 377834 112024 76990 197129 649427 684652 823259 826715 274188 371509 945205 524212 646096 702134 922841 410129 775123 444577 342063 736992 613989 309875 587679 105347 915086 31557 71302 696033 784997 933814 422710 940860 502454 91058 295569 495496 881204 59675 542229 549915 865721 370994 474011 664568 226509 635987 449481 240413 249987 592772 678015 283533 386082 965884 345549 591517 456959 414753 231038 373665 829800 453954 996592 953585 259523 129902 706351 36137 195406 292383 237829 458752 952368 487057 320969 180205 503299 3378 220885 538128 865832 373020 332700 309979 863613 514008 898946 674062 256622 387377 84246 57639 929275 585690 821574 227777 560387 539342 127515 813014 940412 921627 172408 584098 939733 990421 496858 886039 861691 878374 678645 937425 680870 119814 210127 220628 154957 515881 306062 295029 343187 135021 478229 888321 512042 762784 389168 991330 348211 306948 678509 699487 376790 408916 210984 615091 255527 522085 50214 481609 864999 412534 597387 174164 15282 252021 175954 818141 272766 966299 708462 847321 102613 406884 330717 205603 921182 783381 164207 602607 823394 384749 823909 534899 736917 812662 97531 777990 452623 844426 136548 303699 534722 653069 340954 679279 931335 335381 67614 363279 14538 147227 664563 276507 127089 912104 161868 341156 501294 862672 755305 590007 978670 514495 194913 488696 372919 394671 495586 821450 546325 702724 939491 120924 727778 791283 621113 732394 316077 97584 150555 834784 494990 179888 459704 526303 480714 25987 186766 600282 340521 776473 309665 788520 564948 323059 302542 404978 73869 780437 918286 639938 589050 785401 94169 746839 686240 153338 565341 802766 242038 79148 103169 307205 384068 834182 477220 763717 235756 699230 976053 413729 862092 56167 77857 39082 859890 832026 745647 880743 302210 773548 883282 600813 798870 833967 654978 799410 895148 214770 206997 616514 881380 816925 816862 155371 263982 935822 724737 724019 844066 679054 293051 882732 331031 946235 647496 194849 855528 794804 882647 646886 144896 73486 131944 528852 483425 584987 445219 715526 539223 650301 855793 85642 849449 237771 969864 457384 416678 973639 556553 44048 892458 275046 401417 144488 994903 641829 904337 619809 863284 873448 957568 760017 952751 666707 740302 925736 942599 978543 4051 584825 960401 649081 192016 153871 336216 527725 408339 369190 88098 643900 388201 510862 52078 995079 294018 710857 801951 169759 373329 352698 171573 656643 754331 650356 736693 93500 415175 497947 968406 453778 539238 524964 178342 24 891101 931417 17439 153728 880679 570713 85642 522457 803733 259859 425546 737721 392444 4219 284839 552370 687939 415543 317549 704722 975225 866843 493527 127725 660571 210118 227023 628021 223187 712191 504247 433177 803706 462401 720863 619536 744310 892242 213744 677918 4453 215980 741289 307510 217358 557408 887585 540830 213122 293224 129656 330906 50312 654012 530895 111094 46897 146865 860780 962935 305073 441111 190657 726903 509178 12322 233278 8034 437601 871174 880672 602764 959576 911410 510532 393343 315410 166897 550770 473842 10088 33837 217257 259782 449932 902277 923612 269768 678543 556101 900201 302516 444146 594894 419484 418146 200594 741741 813703 651332 562796 880381 860117 19809 679129 20626 407097 200901 204992 435667 45770 724557 491403 872713 273217 967400 962986 382863 154315 125068 68819 42185 868398 364125 467464 436031 801921 401096 357066 678648 383739 657710 458117 568249 402570 253342 943510 588723 636091 286593 636007 552652 581373 539119 257491 654452 80735 310999 303613 434398 2737 204661 853993 791955 13274 606731 515069 97423 741717 362234 382215 365840 608311 833705 842435 312569 897569 58646 622960 700492 955750 417217 414621 627699 340168 968662 347830 146893 339504 254575 998517 888298 734030 274211 281681 151870 584763 220735 104559 900954 269099 626008 129383 284639 138433 276056 9404 361787 938860 625930 949182 451273 59526 153554 487210 227907 91652 262645 468216 420631 749496 940553 543225 90961 117404 403344 85883 543323 709508 289721 521805 979081 166473 929402 414778 880348 373899 918154 881253 830672 329331 259277 98372 779463 400335 464930 95336 69325 841596 558656 165263 189403 360167 265813 136480 7600 955179 444298 661290 565558 701700 890740 329033 657054 14853 296726 26149 443506 856972 893186 670895 845948 472826 82301 464969 718245 225206 127896 984694 446383 648327 992277 698197 414132 540240 496390 451092 567683 309113 114761 962920 903786 687685 441233 890345 465349 642859 925312 178265 765658 933852 411191 561057 330963 931090 335538 243289 392048 96833 159347 96892 711470 332084 37368 690900 298967 810558 917884 585299 932083 923096 392748 712731 19897 632693 968537 569566 297009 539706 278169
297
449014 225400 473923 238485 18040 22221 423698 298507 39211 816558 98097 308195 822363 735117 428489 766869 259435 421858 811532 311613 803849 436922 703564 179269 454672 134105 563450 129198 942563 922632 277002 316800 4286 995462 576772 317967 995936 266468 651632 427446 120141 256988 705325 231715 313832 179929 37397 52403 195442 94728 687119 884579 495157 306564 504435 715888 631702 159840 772897 898883 502486 694380 581634 166074 384659 964039 53661 764335 618701 568765 492822 150049 609712 944144 507839 848906 684523 172349 821155 169306 942682 160268 411466 826418 360643 616401 663102 290312 405093 585090 500664 937844 723916 85792 684993 592289 526450 324686 777285 909003 324284 483707 716405 760952 282611 574539 875222 71301 827306 701529 827210 888557 743942 666029 94739 571261 34011 436715 84456 608258 32659 736559 666439 84209 131067 773413 744797 908207 351265 207002 954714 473104 566491 90858 806634 223079 950350 462915 157979 603309 249980 113167 486083 504088 711366 900389 217308 825189 453549 125975 750996 386036 560171 3220 247324 579154 30956 131545 524660 220468 704309 892649 164603 371673 71614 939597 712395 143857 232559 613939 299114 157545 835189 275910 700920 397005 238565 864770 703390 413109 627026 136794 975057 751820 823380 206227 839659 318002 340434 667509 873793 682479 290278 824564 134943 942673 705712 561543 209017 460741 423721 528967 765242 823584 482365 615521 812698 714384 598357 402368 62012 831780 202459 569286 211002 3789 403254 540771 260617 50618 770853 483647 54286 137416 702515 985265 937969 961613 456303 658948 83710 588142 737701 897655 82627 413855 271567 115393 234376 800582 555128 547492 230719 825596 484566 834546 438383 1739 226689 608913 166853 484514 598095 390658 28561 61980 809556 495039 95209 205016 321289 55218 606990 500773 777879 476552 544501 803932 827057 326370 97673 897553 770896 19618 60030 863618 403281 5446 565934 996278 983380 244237 738184 185473 819612 615041 816822 687431 831338 137478 270297 186819 123733 222039 83389 449286 370400
3
1956 7024 7380
3
8566 9151 713
27
3585 5810 6273 9645 2704 4017 3762 8386 1932 9093 6621 4893 7196 1968 441 8655 3567 8735 6235 5822 8827 3039 3833 8448 9075 7858 340
56
1733 8483 8834 3042 6669 189 9262 3472 5640 6842 8235 7070 3271 9307 2230 7470 5072 2535 5128 3150 5209 2086 2645 2447 8616 3916 8570 3788 3205 6642 4046 8188 6472 6999 9699 8450 3417 4595 8661 8928 5389 5457 833 2128 1184 3254 160 5078 6 3597 1022 2432 6642 2645 58 8256
89
2686 3199 309 5077 8948 18 5776 2404 6869 9255 4844 8768 3858 2177 4227 6587 8024 6770 719 7955 1326 1151 2124 1743 1932 2006 5353 8604 5255 6574 7823 9902 2743 9421 1956 1928 7959 790 9013 9032 7022 6967 4796 708 3459 7608 5877 3059 1722 2107 5342 7001 9443 7807 7062 6329 9981 6095 7817 4021 1394 3672 7924 5082 4956 2081 3625 7494 4172 1757 9589 9331 8606 4893 9868 714 6550 322 3445 5599 4830 4365 9374 8834 8907 7801 2016 6613 8698
89
3444 5968 8270 3289 1214 3569 2704 3511 9768 8595 5846 8399 5055 9313 2533 9009 5641 1110 4732 3144 2215 7870 1684 6254 5536 5480 1872 7013 4733 5581 9284 9937 6098 5024 9778 332 1645 7049 3144 4978 6230 4033 5911 3179 1598 6381 1631 1688 8499 7755 999 7365 8231 8256 6231 5380 6097 3204 5802 7897 4446 1086 8390 2925 4420 6584 8037 6399 3861 1064 9677 4975 4418 7624 7413 7045 9798 8323 6280 1282 8301 5158 5850 5570 2222 5568 4699 8972 939
99
5294 2913 945 213 2765 396 7176 4781 8199 8338 4727 4819 5302 6551 4760 9599 2756 382 9720 877 1881 2739 8410 3162 6560 8463 5434 2281 5134 229 3662 1802 4022 602 6701 6894 8068 5960 1234 1456 9843 6959 6625 4875 3238 8502 9398 2498 3439 3184 9851 5760 7425 3336 3267 7449 8154 1430 8755 6518 3039 1955 9468 5218 4392 3058 6604 90 9114 6163 7 617 6000 2406 3315 8736 7866 5155 8769 5818 2803 9761 594 690 8961 5509 8763 7935 7327 9561 3446 6258 9062 2460 61 5457 4278 3975 3847
54
4419 6789 3590 4904 3347 5277 9061 1012 6245 1796 9234 8212 4051 9531 576 6096 3541 7905 9949 2908 6159 6527 3128 2985 1013 9460 4941 7015 7866 2679 1946 3731 6099 5288 1155 9830 9892 8482 1703 4193 8062 9884 6166 1781 9043 2960 8152 6605 3446 6073 3759 6011 7829 9684
59
7195 8036 3777 2052 6912 2086 6583 7368 3373 2282 7484 9752 7538 8719 4768 2497 1096 1499 2714 7822 1288 9987 420 5697 5754 5017 1660 4646 8482 2569 3688 3058 3903 6123 5223 9576 4692 3044 182 2937 8321 9957 5726 4825 3863 3318 3501 8091 3450 5764 1428 8802 3072 4575 2514 1645 9392 7038 9277
56
5997 9642 7165 6335 2683 8958 5914 10 6395 8604 989 1921 5440 419 3876 5781 2459 8509 992 8018 2095 8342 6556 7461 5196 8214 1621 7539 195 2510 853 4521 2763 8825 407 7622 8771 6197 1973 18 862 8272 6426 9059 6968 1082 6423 3158 6264 1795 7966 7047 5250 6028 4321 235
52
3346 2713 3819 1094 2 7544 8738 3447 2945 7402 8860 470 1826 989 3589 8320 348 3317 9404 5725 3170 8675 7543 548 8833 9180 4999 6282 4040 3425 6310 7719 4484 5431 1366 3422 4442 8922 6111 3565 8047 2395 5810 9444 130 5781 7731 5439 2464 8683 6075 304
45
8844 6744 9898 6714 1078 4932 6364 158 1558 6452 523 7088 1343 4340 7970 6376 2046 5600 7156 2087 673 1542 7800 1992 7803 9561 7066 8068 7849 7324 6944 93 4620 4004 7824 7675 4394 7300 1747 8615 742 4644 3243 8374 11652
13
6873 1820 9105 7275 7399 3117 9539 4129 2672 6537 8245 9373 4294
75
879 9271 93 5416 2967 3902 4417 4961 8083 4767 5054 271 3627 8205 3079 8787 4309 2778 1267 2421 6121 2045 9741 8669 4951 9536 548 6582 4717 444 6975 6173 6872 2282 772 2415 4241 6595 7242 3043 8257 6357 2141 9744 9091 7967 5714 2936 1474 2551 5472 4169 2454 6777 5079 1360 2750 3601 2642 9422 2190 8109 183 6035 752 2693 9890 304 3789 4403 3747 7087 7742 7252 9890
55
8468 3392 2906 7337 34 7177 3756 8151 8853 4985 4799 3661 7957 1580 3949 2451 1061 7609 8831 7837 2008 2753 5971 2582 3026 5193 8015 5990 9665 3346 7889 5691 2006 1166 4979 2026 3944 430 4346 3803 4637 8116 6437 3271 217 1424 5047 8812 4594 4204 5064 1306 8007 4907 13912
92
685 286 26 5453 3248 655 453 4703 707 1999 7424 3092 294 9582 9335 6377 7602 9259 3438 6261 9758 617 8615 4522 9173 3767 432 5158 9301 5509 2413 6793 5540 5534 2390 2205 110 9691 7512 9010 4529 2366 4729 9747 8712 7295 6788 4298 5727 7598 2400 670 7343 4836 6616 2885 7085 8641 6038 55 8152 2248 4671 893 3967 8932 4969 7143 4511 4953 2749 6769 2024 9041 8414 2534 5129 9542 8538 1056 4080 3772 8794 9617 7719 6427 2653 2647 4459 4088 7058 14872
89
1024 1491 7641 8810 5307 5558 5807 8105 8421 3179 4000 7257 6917 5260 3003 6974 7739 6794 9160 301 2481 2021 2069 422 6464 5871 1858 5500 2792 7979 6937 4933 6886 8822 6016 3592 1762 4785 77 2662 5262 5469 1767 3927 4745 8492 2031 3676 9194 3626 5463 5209 9143 9466 2839 6038 7387 470 7524 3896 6498 3936 1917 6556 575 5709 5255 217 6737 4968 2466 5359 6520 6193 7094 2225 9169 4969 2769 5970 874 178 2552 8497 1057 5316 7472 5769 4456
50
4124 1185 3535 9902 471 1538 8511 8546 1093 8472 8648 4846 1744 4956 247 7703 1931 3300 5898 6538 2392 3850 5902 2681 8591 5222 6506 8547 812 8297 2643 2081 6829 4312 7505 920 6264 4785 7410 256 731 6514 9941 1129 2522 526 8151 1065 7171 8677
54
3739 2092 8496 696 3764 7842 5038 5189 1128 2102 7310 3128 7379 5988 6970 2996 4157 8508 1922 737 8008 8625 1793 8164 2300 7922 6897 4619 3931 8702 2147 5858 1880 9323 1009 9370 8967 9678 7214 9453 149 3628 5282 5664 294 8696 1379 1376 758 8955 2160 6220 8999 3103
69
8164 814 6549 4166 7169 6513 3140 5681 7651 9051 8888 1902 4061 9254 5973 771 2396 2927 7115 4355 4099 7918 625 3917 9831 8067 7990 1020 1130 203 442 9625 9434 9577 5622 1432 945 8428 5729 9683 2052 2363 7813 724 6587 2179 6548 7907 9040 8568 5388 7042 3486 6668 6104 4350 3791 4836 9364 8233 73 8015 4023 9783 1304 8490 4902 2672 9516
57
7853 4168 3246 8771 4148 1779 6541 7438 9114 6753 3167 1952 5873 8199 1090 7700 8546 5615 6287 9866 7423 2997 8004 5877 3621 9214 3365 5910 9708 9103 9531 3488 2474 6757 2000 8867 3262 8330 9351 9432 3748 2514 6295 240 9906 2760 4399 2760 9282 8428 5359 5946 9436 1199 655 2446 560
35
8616 762 1405 5767 1751 7677 1340 5281 6533 2777 7000 5381 34 2143 1955 4934 2555 128 7878 2652 3042 9859 1405 3248 5610 8638 1074 3375 6143 8050 6671 2942 399 153 10088
32
6622 4262 4191 6485 6110 5281 1134 8296 4498 3014 4760 8866 6939 8529 8976 9956 1050 4454 1665 6031 5682 1915 1615 9282 930 8889 3666 7916 7945 4917 5021 415
44
5550 5870 2821 4260 1935 6942 2404 6465 9762 2249 234 4157 841 5310 9509 2636 978 3815 7109 8799 4471 145 7914 1631 4972 2121 3522 7784 1482 4973 4939 1844 3267 6865 1555 8187 763 4379 5347 4244 7456 4475 5384 9314
12
2774 5786 9283 4988 1893 1849 313 1237 5928 1137 1580 15286
31
8924 1128 5445 3435 6261 8838 1454 3383 7722 2497 2860 52 2524 7813 6223 6398 2071 7055 9565 245 4516 4060 5085 7887 7273 9736 6705 6790 4833 2711 17
21
7188 795 3500 845 6948 8628 4166 3434 8025 4932 3154 1334 2942 7239 95 1298 8516 5514 3240 6027 3762
24
3320 8041 8568 1774 8682 2706 7564 2234 7814 7837 7787 6612 4052 6698 1230 8346 4407 6661 885 81 3089 2300 8418 4190
69
8280 1321 8926 1717 4243 9983 6230 5295 403 1787 8955 6044 1332 2792 7690 9713 1985 835 3005 5378 6685 6678 7009 5283 9181 3230 6104 718 4843 5537 9332 7131 6285 4381 5774 2378 7794 8074 5443 5480 5940 8312 563 6036 4093 9048 2068 3225 4371 5902 9888 4945 8237 5714 2776 6188 1290 2845 6924 307 7391 9992 5493 6961 3747 565 1434 9336 11279
12
7985 601 2293 3806 9169 1727 7650 5096 3654 9408 282 7099
67
4893 7398 996 5436 983 4807 3630 6517 1606 5259 9136 2069 4992 4270 8984 616 4666 9953 9867 4854 718 3855 9048 1084 8715 7633 2997 3024 1215 7209 4245 7457 3798 1405 9888 749 190 6885 2272 850 1453 6681 5043 537 2822 7672 735 5965 8697 677 5266 5474 8135 6139 7894 1149 642 4146 6100 7380 7608 388 4038 5870 3903 41 5172
38
7118 9486 8705 37 2830 1768 2986 9493 5591 956 6864 1903 9617 4474 4159 1171 77 1305 975 7880 3880 8271 6636 4399 9209 8028 1967 660 1341 7648 7809 4247 8624 5270 8372 5496 8757 9811
41
2544 3365 6655 7231 761 5918 969 8734 676 3360 690 4134 2770 3991 3086 5121 5853 573 3062 1512 1919 4344 6679 9073 6900 2896 8435 9293 9211 6389 5768 7479 6948 2756 3223 1658 4278 9293 105 1476 6687
36
4273 3632 630 5708 3503 9937 3421 4609 9853 7403 7028 7460 6223 8380 1324 7316 3786 5581 8590 7474 6528 9585 4228 243 9613 4084 6067 8319 7842 2134 1966 7318 4132 6278 7337 6766
34
6296 9555 20 9805 3719 2782 6854 2321 2205 7027 5878 6511 8856 169 3962 2929 8385 4057 3611 6027 5831 1238 7872 9350 7605 3327 3345 942 1783 8747 1902 4480 1645 6750
80
551 3052 1617 5372 3268 6158 5721 3262 392 3231 1144 9875 4804 8288 8493 5774 2764 5741 8101 2421 2711 6657 7331 13 6294 4950 6622 7633 277 40 1760 3615 4949 5546 7739 4040 9326 7821 9622 8329 7370 4624 9940 3691 1631 8797 4620 8637 4668 8387 783 514 4627 8221 8328 1127 1531 6638 1567 5679 1249 4322 3428 3716 4972 9384 600 1250 9718 4580 4940 5406 5964 163 9267 6969 7260 9318 1096 4014
24
2480 250 6650 7694 9074 7698 6130 9427 3649 3156 3182 5881 498 5245 4901 5795 9327 6852 3279 4780 5076 9255 6415 1600
89
443 1714 2787 9563 8765 2447 5842 2877 9357 6234 7288 9313 8061 9286 1515 2594 8712 8464 7679 7195 8547 4752 1004 7272 2470 6091 5599 3892 6555 3855 962 8605 8469 2830 5600 1346 7381 4554 3832 9315 8276 8430 8063 7269 9033 3194 9196 4155 7531 3475 4712 2489 1172 3205 537 3127 3270 775 5749 8413 6105 1046 2495 2964 3122 7288 4195 638 6955 2265 9914 233 8199 5106 2661 1535 2037 2862 639 8662 2220 669 4917 1301 3542 8750 8668 9506 1032
88
4646 6169 6084 9619 9189 9879 9323 2175 9602 739 2775 7922 9979 1162 3013 4675 3849 1945 2499 8109 535 8161 3359 6815 8341 6211 2418 6966 6570 9184 2936 358 1738 9673 6356 4173 6874 3329 1176 5959 9128 759 3780 4712 6053 9479 8432 9685 4732 4102 7571 2184 4142 1707 994 7863 175 7029 8169 9375 8331 8091 9527 3866 2343 1127 1504 1638 3737 5691 1047 7608 8100 264 4082 2683 9559 7720 5114 5448 888 3534 7929 669 3470 8025 5019 8580
42
905 6543 5114 6176 366 278 9278 8880 5108 4112 978 8340 7846 6572 8024 4946 8347 1744 688 5478 5584 5790 2304 3939 1210 8126 8475 6485 9665 6285 9356 8069 8949 3714 938 1455 6404 7899 4417 7922 6796 5541
20
2015 2676 2523 5446 2378 5734 6215 7975 6623 7634 4867 281 3313 6270 4808 9191 1831 316 4408 11758
85
5405 7156 6461 2335 4057 8448 2420 9312 8052 5102 5413 5113 7152 6405 8157 5255 8945 826 7898 8805 7892 1186 5155 1274 6656 5857 7040 6603 5433 7441 9523 3313 2810 9142 5879 673 3126 3795 4655 6129 2884 1020 4728 9439 2134 7504 977 5124 5161 1900 5721 8962 8435 9173 2666 7441 7717 793 9020 7275 7442 1907 1280 6494 9690 4864 9433 3585 4548 2529 7514 9917 3280 8861 2441 174 1330 716 4267 7319 802 5756 2597 3464 14101
88
6741 7447 9472 5676 8428 1498 8687 447 215 2270 7955 7092 8806 3426 8910 8146 4346 8573 3266 5937 2300 2808 7553 8892 36 8163 8402 9727 6738 1375 9529 8860 7448 5087 6769 5748 5052 871 3855 3926 4579 8260 2993 1082 2038 5572 4026 9700 1281 5161 8056 2867 8931 8263 4199 7609 4282 7832 3380 5650 4084 2872 4544 4157 7177 2347 9456 7495 7506 3984 8979 5654 8923 4750 9645 2672 2082 2264 3621 7791 457 6142 3119 4918 2964 3970 4186 1237
36
944 8167 2176 7257 5951 380 9465 9704 7324 931 6974 1921 4634 4955 2546 8245 1248 4783 6054 7538 8606 5709 9705 630 3364 8064 2203 4129 4374 5229 1348 7610 9781 6370 6942 2539
36
2831 4117 5349 5012 6431 2332 1628 2362 950 2845 2576 5609 7868 2836 6139 3246 1045 3982 758 5354 9869 215 4838 2207 9564 4224 5974 3891 4364 829 2835 8501 4506 7183 2846 10272
64
9908 3249 2354 2529 4758 8509 8180 1021 7101 1667 6860 4963 5370 7972 3706 5044 5847 5801 4598 3194 2776 7402 7533 8219 3316 8581 1627 3152 6234 4369 7203 6670 6486 4720 688 8542 2793 493 5443 5053 413 5111 7668 5697 7423 2746 5673 7354 81 1379 8548 6706 7270 2870 4407 4963 133 1216 1733 493 2488 381 3790 1959
30
5344 6073 7869 6158 4056 6814 9062 9053 6520 1192 6105 5818 7981 5657 980 8119 4596 5783 3521 4109 438 5076 5332 8242 3604 1939 9765 8595 2708 8701
16
1178 8136 298 110 9683 790 7373 2734 5710 4778 1430 1031 6151 2116 5532 1859
58
8880 2928 1481 9603 6152 1905 2137 1735 6990 7662 2973 2192 1541 8813 6826 263 8436 924 1098 7065 5590 440 4157 2420 958 4655 1496 4307 7327 5599 8281 8419 3312 5952 1884 3476 4105 2087 8016 6542 6003 3968 1459 2204 1961 7905 603 7904 4669 7315 8389 6387 6198 1888 2248 6510 9408 5365
85
9101 1385 3979 7142 4327 4686 8009 7952 5202 6781 3023 5829 6332 2557 297 8287 3740 9865 1138 5874 9874 948 5013 5000 3896 2722 3810 9569 85 1359 3932 2672 6514 8569 5266 2790 7110 1343 5144 9695 7377 9291 9813 598 8249 4724 2191 4503 1687 6017 5315 1629 8037 7299 244 4801 7780 6358 5827 9158 4182 6985 8483 302 4001 1630 9034 5254 7938 583 5799 1695 4835 2912 5480 1177 5832 246 6080 9526 1799 7599 7912 6688 5901
61
7175 3206 9163 7122 6577 3419 6800 6020 4402 5575 8765 4363 3343 6613 946 8463 8971 7078 8696 7696 1967 6414 5469 7278 4500 7724 3538 1748 366 2319 7591 8614 7146 3367 8529 4556 9633 7723 903 1927 9631 1726 712 3918 7302 5035 828 7904 6715 5821 1639 157 8401 1863 1872 5732 6082 407 1795 9099 4124
70
7650 1764 6425 5676 5171 2927 1448 6699 8766 1174 1769 7697 1573 8437 3679 4397 2397 4492 9779 8182 88 1884 6473 5944 2445 2338 1824 902 1702 8244 5827 9202 832 746 6470 7966 701 5743 3990 2485 3607 1057 6156 5155 3317 3284 4247 3878 4667 701 7395 776 4397 5995 3450 8102 1207 2844 6755 9561 1448 1892 5323 6476 4882 1175 2003 4541 5766 8719
26
6797 1722 2088 2346 4677 6696 5353 3071 3567 1472 1823 9923 2596 6211 5446 8637 9449 1799 580 1711 6576 6438 1239 3707 1896 12150
17
7851 717 9934 4663 2961 9945 3567 2787 2223 7293 835 2376 3847 8704 4502 771 9104
85
3043 5503 6352 8420 7295 6119 4943 7312 7337 7527 6520 1735 2286 8981 977 7879 3168 1680 9600 4308 8320 1552 3974 8575 524 5255 9871 1811 6220 6883 6628 9732 3306 3549 2341 1726 9110 8256 6074 929 2451 2030 5265 2926 6721 4120 2085 2884 7478 4691 1866 2488 196 6311 5571 5383 4294 2739 7200 359 206 7952 4772 6871 9681 7210 2207 7123 3711 4158 3023 3662 3742 7330 739 8481 6045 2302 6838 450 1056 7120 8033 3761 2137
50
7291 1880 1826 3779 552 6306 8293 960 7281 5645 8126 6946 7686 197 1856 8791 7668 2681 7361 3521 8559 5125 717 7265 5190 4261 3712 5201 580 4427 7583 4700 5129 3042 8725 2980 1769 1277 7251 7451 7797 9956 2963 3266 3936 4230 366 4318 6198 9109
48
9920 7360 8998 5188 8745 1431 8169 1809 7935 6945 3168 4982 5452 9482 5014 6969 1931 2071 2087 8528 9373 23 945 4317 5861 5145 6851 9705 213 7727 7652 7049 2614 1078 7093 76 7623 8696 1698 2303 3164 3812 9741 7767 3195 2467 2845 14325
4
8101 3927 2217 6235
13
3657 3619 9151 5859 4049 2451 4997 427 6564 3414 8813 9067 13486
38
1001 7220 8431 7509 7086 2914 7554 2090 3745 9694 8728 8057 997 4236 6656 8228 1460 7863 9634 6350 190 7731 2664 755 1376 2694 1625 371 3805 687 3832 7724 215 7438 2634 8690 5717 7287
92
1003 4332 2080 3821 343 8472 53 7391 5044 6223 99 91 2866 8408 9402 3087 9423 6841 4256 7688 3037 3675 8374 9824 6715 3594 123 280 6050 2685 2827 8435 6553 4454 3992 3006 8799 222 8006 3667 1808 3349 3555 5491 4334 7583 7771 9266 7742 2954 1906 5627 1733 4183 170 6465 4729 2437 2388 4720 6042 1322 4067 9241 5218 5373 2543 5059 1612 3284 7262 4403 6471 8910 9909 3688 8288 3173 7282 9979 1680 7019 4191 4271 4258 1850 766 3250 4195 1468 2266 7002
21
8868 1881 35 7038 4191 3915 5100 4347 4514 3260 8978 1640 5726 7384 8184 7689 749 1811 4731 1739 254
74
3888 8500 1537 6360 486 2023 703 2947 4678 5090 4403 2050 4033 3755 1272 5170 3794 1860 4885 3894 2504 4092 5391 4811 1769 8638 5074 6730 4377 4243 3028 1388 5356 9972 309 7616 5167 5902 5112 2327 7179 4676 5467 5926 5682 437 7768 7178 1584 2200 6788 4301 9931 365 6125 7898 3093 9499 2450 3190 4029 731 6467 6980 7826 897 3252 5904 5334 6528 4684 8684 9223 7776
15
1768 8923 31 3958 9632 9377 8185 5319 3462 7339 6063 6899 5652 5019 14491
87
606 6192 6280 5844 1815 4259 4799 6561 4936 910 251 5812 7496 1607 3321 7761 4641 1285 7816 4146 1474 7773 9780 3192 7337 6611 5012 6811 4768 5492 1416 9989 1530 4053 1153 3512 2223 3731 1037 7038 3668 9520 9796 450 7929 9083 8467 2730 5953 9016 8916 8618 8813 7266 9337 9226 8611 3470 1148 1159 6526 724 7997 9715 6853 9100 7935 8352 1524 2292 1754 5166 3037 5080 316 4048 4279 9237 7936 2297 3487 9219 2354 4938 3338 5569 1249
30
203 862 2661 8825 2877 5994 6740 9653 6319 4017 4328 5943 593 4442 1834 2496 2628 8038 6788 6309 9337 2529 8370 4717 9561 6642 6184 7616 3383 14639
87
7853 7034 164 179 8337 2296 6186 1462 1782 4863 3423 6067 3555 4745 3037 7256 344 253 5004 2175 6566 5115 1315 4125 8153 3950 6568 1529 1893 6003 1947 6221 8445 5361 145 7597 2742 4086 2879 1599 6469 7349 427 3743 7379 8374 9753 122 1117 343 581 9520 2232 838 2700 6195 9119 8839 8903 7672 7908 2126 4769 1417 3352 4367 6863 6422 4559 3246 7160 6893 5093 131 9014 5857 1896 3844 1293 370 7708 4058 4626 6807 4102 4436 3872
73
202 2206 6452 6497 8740 724 694 701 9439 788 1844 1446 2405 6724 3242 6843 7119 9341 2536 6289 5039 1121 1248 2475 3099 1837 4731 2108 4959 6662 8075 3814 32 9761 3653 9458 2805 8191 1011 188 1821 5725 1721 3580 2818 389 8383 7298 9103 4552 5077 569 863 5412 2206 1327 5877 260 6585 1711 1176 3727 8433 8049 6335 5523 3357 2333 415 8754 8245 7413 4228
48
7653 8812 9547 3600 4096 7585 1756 2028 2176 9123 8529 8199 997 8865 9519 228 9979 1990 2530 3112 4740 7379 2829 8169 3898 110 7651 4909 7667 402 3959 5771 9163 5048 9336 5723 4627 3168 7546 7725 207 3317 3128 2275 5497 3380 1569 1283
17
3352 8926 7767 3511 4278 3662 6998 9792 7728 16 393 3774 9456 5807 3833 8378 5151
56
2409 6906 2037 1186 6131 113 4643 2645 3963 4098 4275 925 5301 2646 9128 933 8496 6184 3493 5372 5427 5605 8839 5630 672 7351 839 7824 4964 1670 3153 6747 8367 6236 7709 1907 5924 1518 9162 9778 50 6865 815 1792 7014 2618 461 8279 1257 1297 8846 9718 7249 3043 6190 5883
64
6491 846 5634 7209 973 1471 2016 2455 7688 1063 4615 2063 6117 5604 6471 9972 3960 4189 892 5275 660 3908 8700 9558 6251 6760 7493 231 8850 7255 8841 5534 5834 7692 934 6744 5641 5803 3295 3758 9179 5676 3017 180 1241 179 2656 5529 3208 5653 5389 2401 7098 4670 4704 4920 9881 8225 2453 3419 2249 3325 3993 2006
85
6164 5849 4087 280 63 5319 6687 6553 5695 4446 8208 8587 7781 218 5753 7533 2905 2501 5542 8031 5193 4361 8840 8316 7304 6987 6524 6164 1925 1021 2318 9628 1509 7714 2407 4211 5595 4154 9016 9546 4148 4757 5888 4301 9773 6307 6112 1766 824 496 2681 1906 2925 5933 6999 9235 7048 6305 2921 8551 8216 7671 7328 7327 7957 5636 2626 2885 9509 1642 4610 390 5506 4880 2795 343 3011 5585 7704 284 1105 4597 8031 7986 5925
32
9446 6103 533 2746 4957 431 8959 4222 5302 273 2567 3650 5787 5127 6800 1780 5220 3886 6046 7283 3418 3646 5612 8269 6255 7435 7194 5829 6292 1515 6247 7284
3
7136 8463 15087
57
7078 8893 3830 3960 5809 6607 210 4631 3030 123 7778 3937 5747 7101 202 1202 8764 3911 35 9887 8144 3314 801 5568 2697 786 5621 273 7809 5610 2333 4408 532 489 2626 3789 4051 6372 7872 3063 2204 4636 4821 6671 3999 939 7469 625 7274 569 8387 2294 1009 7837 1407 2522 5612
87
3601 120 2362 4342 4687 6691 4428 3840 1217 5984 7872 3275 4099 7531 8242 7599 1712 3451 9792 9807 8591 6765 956 4089 6615 8077 6342 7842 278 2386 8121 939 5766 8470 4620 5981 9614 9031 113 1294 6599 2859 620 2774 9638 8158 5627 8921 5839 832 4105 4992 3679 7215 2782 1027 1637 3075 5791 6925 82 5539 8063 5293 4254 9559 9269 9376 6178 1189 4430 9293 7384 5472 8630 3038 6382 7042 7259 6091 4025 4082 3277 2585 6256 6774 3586
35
2030 9709 7538 6992 56 6746 3724 5074 9327 2463 1493 7071 5313 895 4013 8862 3983 8844 4964 8670 7027 7693 2755 8969 9841 9110 8245 8459 1106 7419 9779 5722 1775 3670 15751
61
1649 5393 726 7641 378 8257 2929 9977 9132 9951 5917 5422 7581 903 7942 8594 5072 3869 4032 7338 5238 2123 8308 3607 269 6445 5021 6880 5240 6236 3846 363 2348 2913 5215 4618 4138 1134 4107 2918 8381 7818 60 8051 7820 4047 5368 6417 652 7882 9032 8763 104 4526 2341 8123 106 1669 5308 7506 6050
22
2936 6528 4716 9733 1916 5061 5525 7350 9982 8519 4579 3652 3114 6740 905 3022 8776 2622 4001 4832 8060 5991
43
3663 5683 717 7724 8020 6099 1213 2611 7219 2750 9189 6622 8814 1009 688 4496 7758 2024 4683 3472 7801 4870 9300 7725 233 2776 7113 8999 390 5157 3919 189 3355 3498 3890 7847 2734 8957 9966 4915 7907 5771 426
63
45 8940 2549 1689 9977 7734 5704 9583 8672 7750 1676 7964 1150 2883 2694 8636 7264 2090 1304 5774 6853 2199 9387 2635 8322 4469 3161 8570 9725 4794 5497 3076 6178 2513 6651 9104 5344 8997 7877 620 8776 7409 4647 4793 7805 3433 2896 5753 161 4171 476 1363 7852 6240 2039 8659 5444 2542 4825 3490 6193 9977 5262
43
5590 5477 6842 6988 5393 4690 5773 2576 4090 1183 4370 6474 4601 5401 8617 5804 184 7856 3036 3849 9670 8450 3123 2326 3998 2157 7531 687 8 4387 31 6437 7013 569 9268 2731 9907 8958 4391 3807 5435 6399 235
3
9598 4163 13629
81
3597 7861 9260 5688 5119 7332 490 8911 2229 2102 3218 5649 4831 8232 7106 4911 2504 8973 3021 5729 6966 5320 7446 928 1361 2530 7312 4722 881 1802 8335 8548 3310 2168 5522 2563 3819 5223 7368 9303 4675 9690 336 6660 3235 1413 5341 4557 2019 6934 221 1589 9878 1132 5516 3774 7839 347 2233 617 2577 4848 194 5132 1099 6236 5863 1563 2346 628 9666 9331 436 6513 4230 6317 8493 1879 7267 9767 9981
67
4991 9509 4968 5262 5594 4186 1969 2898 7693 790 3886 186 9506 511 166 8532 6257 2960 481 2228 7241 8000 6901 579 8019 8251 3048 2478 7315 3539 8937 6188 4782 6405 5664 8398 4568 9374 2601 983 9432 3514 5192 2913 3749 6111 5609 5270 5720 6287 893 8382 2211 4978 4194 2059 9637 2764 447 1205 3587 1666 5146 9749 3269 9905 857
