100
5
1 2 3 4 5
3
3 5 6
2
5 6
2
5 5
15
844422 757955 420572 258917 511275 404935 783799 303313 476597 583383 908113 504687 281838 755805 414105
15
618369 250507 909747 982786 810218 902166 310148 729832 898839 683984 472143 100702 434172 610887 913012
8
865310 260493 805028 548700 14042 719705 398824 824845
3
493578 867603 701721
6
870472 191068 567511 238616 967541 683438
8
80446 320055 507941 932834 109058 551268 706562 547441
9
963839 603186 587618 444990 596287 384902 575652 290330 189392
10
656660 476531 89825 757604 876771 923382 842461 898174 923083 760991
7
705284 275635 811629 849486 895039 589802 734273
10
450564 660246 996258 916942 793326 82373 612784 486445 630148 845078
12
1172 2205 7946 3326 8160 1007 1464 6977 453 5739 9101 10536
11
267 6350 6064 5760 3913 3702 9806 364 217 9611 7098
3
2106 8008 6002
2
4257 1016
5
6470 3503 1804 5037 72
3
9883 1994 8529
12
8384 9185 1695 6727 9666 581 6763 8455 3424 2507 5968 4329
4
4717 4100 5692 5205
6
3572 8377 2510 5607 125 12569
6
457 2809 2402 9532 3523 2879
15
6338 6211 7157 3881 4145 6509 16 1924 3345 2395 6374 3787 8755 5682 15603
7
7019 4183 6622 468 4454 2593 2161
9
4873 5615 7555 8839 4946 3121 4669 8091 11047
13
1881 9995 6331 835 7256 9869 4019 6786 3162 2136 7174 24 8228
3
1190 6493 7675
5
9786 1002 8540 3967 814
8
7924 8614 1335 5209 6508 3471 8719 6352
3
407 6810 6925
15
9385 9099 421 7492 7014 6554 7124 9028 6402 3725 5380 2079 5872 89 15762
6
7897 7185 3383 6206 413 5724
15
2896 3948 5485 2935 4781 2398 483 1796 5231 709 4032 3286 4148 995 345
8
8409 9763 3437 4791 6996 4266 3020 7348
14
6268 3756 9746 6389 659 847 7499 612 79 3939 5191 4486 4887 5849
7
3684 9885 2610 7772 4313 3586 8780
14
7021 9031 4517 6770 1190 3980 2073 422 9480 2159 1464 1980 3781 4302
4
9887 9830 1485 1332
11
8777 4955 9171 3225 4985 4987 6701 2020 6098 2188 7373
15
8991 8182 355 1484 2569 7842 8424 5830 7182 8071 664 847 8689 395 14567
3
153 8440 8289
4
1489 6561 9686 14758
14
5025 5739 6786 8052 7579 9906 7470 9058 2062 5355 5987 8257 4823 15433
7
5864 8514 7981 6570 3 1820 5069
3
8599 9430 1345
7
8101 623 6410 1274 2871 8300 11105
3
4179 4919 868
12
6736 1514 9868 4112 6118 3867 471 4709 1514 325 6175 6300
9
3467 3835 7765 4904 8813 6102 4672 6324 12610
3
6826 6221 743
3
9118 7994 9169
11
8103 5191 7855 1892 7822 4446 7567 4555 7896 754 447
8
9011 9448 6666 5718 2160 935 8194 8888
11
4202 3054 1135 4260 5661 9229 9358 4157 993 7739 7343
8
6865 302 9193 9623 7226 786 704 105
3
3479 100 3571
13
706 8935 2080 2048 6738 9383 1232 72 3692 247 6049 8592 1870
6
9592 1302 9666 3623 4734 6645
15
9582 6360 1841 9930 1026 5809 1565 8977 9457 8044 3159 2429 7549 2911 871
3
1323 206 1509
3
4203 5508 1519
3
4222 6370 846
7
9490 579 4087 4173 7282 3207 10270
6
4709 9503 7966 2770 5582 14200
13
4462 3988 7677 4318 2480 4535 9372 1426 4625 6374 4833 2037 13619
11
6188 78 2986 7687 6290 5453 1563 7063 4715 6782 5513
5
7620 2801 9841 1209 8838
5
5262 5817 3963 1021 3761
5
7553 9088 5955 355 10273
6
3399 5302 2491 9200 1636 4149
9
5740 6272 5314 4109 6346 4035 7786 7882 7562
7
6289 1571 6971 3815 5911 1396 6413
6
4727 4152 4768 6947 3183 1955
3
3002 7453 5799
10
256 4716 8886 102 5269 665 8672 6863 7420 99
3
412 6209 6621
14
6997 7271 2267 7517 2880 1055 4609 3302 1683 4218 8973 4353 4473 7089
3
9104 4442 13002
7
8069 3896 2202 1962 9401 5866 498
5
847 1868 570 6381 7892
10
6126 7050 5122 2845 8775 3531 4583 6319 5162 8597
15
9298 9341 5810 4903 7042 2155 2659 439 1629 39 6547 1405 7867 6806 9707
14
4538 3396 1024 8829 7948 3230 4558 3252 289 444 3688 2096 5246 9936
4
6727 7357 3123 2761
5
3440 7125 446 9342 724
12
475 8091 9789 4606 1182 815 988 7655 4141 9193 4407 4858
7
7549 8294 394 1804 4901 1281 11705
15
3196 4349 5571 2856 5411 2012 2967 4418 6047 5362 2610 2318 1188 7835 990
5
2846 7361 6597 7420 5153
3
6452 1183 7373
11
7035 6607 2216 8318 2402 5182 6747 2337 6286 2869 14335
13
5532 3279 5855 253 1299 3956 9758 5105 765 7651 7815 7749 12069
11
2135 7326 8162 7600 3535 5911 6290 9009 1081 8340 4941
7
4557 127 2201 6528 6609 4947 2601
8
3140 8478 2592 6044 7035 8217 7854 3841
3
7265 9617 14832
8
7258 6579 2602 6716 3050 3564 5396 1773
4
220 6279 246 450
