20
203 687737220877470653784446097316072785470
65 1876770264484195462373867075504289953849589913192143959493706119994453644071550093082492880383797477491586448128262806265749453109591037917448951185219315245647751499988944695031480940961675592872609377955465767010356210472779712879459920877915616417323912577285316301998836348539369087459603916941305730245213
2
101
180 71135853797525154801574664429928955385969111492458546393108368
119 63155576629807163707985640922769106772917396795739548570858093440561312802733843811003
205 52266698626452
220 857671336285619706286505259778502070
167 7097501306639266460334251854124701398441264526401775944932032561851537066954595173614023494661949988333225311
190 1486139411639384409848749958784650368455059410476755670372360119439112197939878529158062954308851
173 30112824594327595526379236283733863054755720634395622456658473382016537089827468578466186440548412571221610515303525092317381280436948960142601743842389999840805575879010781899131467875
206 448062369945695105287978047551780633933470173673381071374141684019805955017087536053718898917395302000087903383816560700874774939832281360760911551985292789432111705459321334755294477723140443502005380072257563972493947809649578402865552045222601282789930994492309469352141654770147698835946064815324585555522877368846404626788009261501975204754546844243717958911872956808794759039606795872610542253998760234801819677617489625864819272219684204522313232690092941926218256616690572691607530627540612798710546329112670031169508720597503651412508929468129545146310784328053092871340403641805483642889649081298732122033800925634814498445704989125336724435475323195250510991702765430307806236903626071365562848810666101442405095082913070741350043764590108123272413025874645910344552082757964848163999535616317954203928421315693835330208399766051964651633665123178313806434629994308647682571165130773523173316492602519138190346
92 87425153970967993390831896675153851510854781083794529288118964576857047283178102891855976962574675710971584027
25 646522
56 070999427563706517458243835585840290099051637074025394195594348586510834073090163948736588183957349602833959886681418618106557443908727133367714791349473784783516431847035942668366755350157283760764531248617211483790180304621672055750617302943116131142903069883759519683748609377968256054437899455604836182222294525031294343713833201869042441444846948174771572377238024369781
120 874308165313353435924811434341778738339969013714566776179652
210 85878750696889017446575830667629960421673460475788331401992664560464795536162396046534097613201747910328526207118280591048874750330716122398307043580519193336856577563682207032364946147148694229628149394147905227355778765319414508752275911061103515923770789
157 36138325509814056284116360672
40 9188174
144 403420455286144733012394352796117676232438993658729712221550931250841303194844906324788136156913626810108948602023083594977223986502041169240216642530162552975968233385427485675131472718018964836808453936722129133940950121976774689537233792725857619706585846714131638551181612253217
190 9529102074196543040963325
