20
18 21 405 71 319 382 291 211 391 67 470 66 308 175 87 18 91 114 265 323 421 480 224 447 237 461 453 485 63 230 117 118 100 82 423 197 347 408 45 434 353 458 324 226
20 47 2 3 5 7 11 13 17 19 23 29 31 37 41 43 47 53 59 61 67 71 73 79 83 89 97 101 103 107 109 113 127 131 137 139 149 151 157 163 167 173 179 181 191 193 197 199 211 223 227 229 233 239 241 251 257 263 269 271 277 281 283 293 307 311 313 317 331 337 347 349 353 359 367 373 379 383 389 397 401 409 419 421 431 433 439 443 449 457 461 463 467 479 487 491
11 11 154 78 108 75 289 70 32 10 261 195 7 5 60 54 257 94 326 211 227 69 121 91
8 8 432 314 286 283 125 77 414 269 362 281 409 404 384 39 30 18
6 15 190 61 76 5 470 264 120 63 109 96 176 18 336 330 389 130 366 145 11 6 227 71 289 201 265 43 126 30 480 457
2 7 250 87 412 239 48 46 108 67 64 64 30 18 110 78
33 47 2 3 5 7 11 13 17 19 23 29 31 37 41 43 47 53 59 61 67 71 73 79 83 89 97 101 103 107 109 113 127 131 137 139 149 151 157 163 167 173 179 181 191 193 197 199 211 223 227 229 233 239 241 251 257 263 269 271 277 281 283 293 307 311 313 317 331 337 347 349 353 359 367 373 379 383 389 397 401 409 419 421 431 433 439 443 449 457 461 463 467 479 487 491
10 24 423 218 175 461 124 334 330 334 100 35 75 182 309 470 475 376 25 66 96 13 93 378 96 254 355 392 173 359 87 209 172 279 263 294 346 11 301 384 225 401 261 464 121 213 356 255 130 487
30 47 2 3 5 7 11 13 17 19 23 29 31 37 41 43 47 53 59 61 67 71 73 79 83 89 97 101 103 107 109 113 127 131 137 139 149 151 157 163 167 173 179 181 191 193 197 199 211 223 227 229 233 239 241 251 257 263 269 271 277 281 283 293 307 311 313 317 331 337 347 349 353 359 367 373 379 383 389 397 401 409 419 421 431 433 439 443 449 457 461 463 467 479 487 491
27 47 2 3 5 7 11 13 17 19 23 29 31 37 41 43 47 53 59 61 67 71 73 79 83 89 97 101 103 107 109 113 127 131 137 139 149 151 157 163 167 173 179 181 191 193 197 199 211 223 227 229 233 239 241 251 257 263 269 271 277 281 283 293 307 311 313 317 331 337 347 349 353 359 367 373 379 383 389 397 401 409 419 421 431 433 439 443 449 457 461 463 467 479 487 491
31 47 2 3 5 7 11 13 17 19 23 29 31 37 41 43 47 53 59 61 67 71 73 79 83 89 97 101 103 107 109 113 127 131 137 139 149 151 157 163 167 173 179 181 191 193 197 199 211 223 227 229 233 239 241 251 257 263 269 271 277 281 283 293 307 311 313 317 331 337 347 349 353 359 367 373 379 383 389 397 401 409 419 421 431 433 439 443 449 457 461 463 467 479 487 491
26 26 306 12 493 185 112 271 251 27 122 132 100 190 178 480 497 46 193 372 278 267 322 79 459 3 111 448 113 468 238 308 112 260 77 305 318 26 219 77 301 66 321 187 187 287 251 134 49 104 84 385 64 196
14 18 376 332 273 6 266 146 174 139 493 336 205 83 12 4 99 70 276 229 446 175 323 45 499 165 162 139 379 346 478 73 297 28 403 150 397 372
31 34 8 275 478 259 27 268 132 132 38 166 226 92 470 156 229 57 263 447 40 450 297 353 474 85 177 359 455 115 240 77 454 151 370 43 155 426 154 101 230 129 246 416 143 322 26 448 483 252 214 193 223 424 251 102 94 248 38 307 498 272 228 306 228 326 364 433 306 248
1 9 441 263 393 385 420 170 195 148 79 70 233 210 74 45 300 115 252 176
9 20 83 341 25 154 177 448 165 278 330 418 428 150 336 169 68 100 190 223 137 478 195 152 408 2 332 262 167 23 345 205 68 54 128 79 109 308 480 124 152 3
21 47 2 3 5 7 11 13 17 19 23 29 31 37 41 43 47 53 59 61 67 71 73 79 83 89 97 101 103 107 109 113 127 131 137 139 149 151 157 163 167 173 179 181 191 193 197 199 211 223 227 229 233 239 241 251 257 263 269 271 277 281 283 293 307 311 313 317 331 337 347 349 353 359 367 373 379 383 389 397 401 409 419 421 431 433 439 443 449 457 461 463 467 479 487 491
13 33 223 413 365 362 169 211 88 411 105 256 159 223 308 135 391 94 314 145 409 272 384 278 259 331 186 412 168 43 246 89 377 293 143 138 263 264 77 110 269 47 105 410 400 287 80 405 319 17 207 47 311 69 296 470 79 297 192 58 229 190 272 360 475 304 318 154
26 47 2 3 5 7 11 13 17 19 23 29 31 37 41 43 47 53 59 61 67 71 73 79 83 89 97 101 103 107 109 113 127 131 137 139 149 151 157 163 167 173 179 181 191 193 197 199 211 223 227 229 233 239 241 251 257 263 269 271 277 281 283 293 307 311 313 317 331 337 347 349 353 359 367 373 379 383 389 397 401 409 419 421 431 433 439 443 449 457 461 463 467 479 487 491
1 23 491 352 487 40 239 344 241 309 442 55 140 46 227 488 495 312 220 182 245 491 413 111 10 137 422 205 377 41 136 273 204 155 257 246 101 265 228 439 409 46 166 295 107 123 291 60