20
2 5
0.600000 0.600000
1 20
1.000000
3 4
1.000000 0.900000 0.100000
1 3
0.000002
3 100
0.305263 0.022514 0.031185
2 5
0.394177 0.233021
1 4
0.999998
3 5
0.759084 0.940130 0.475896
3 10
0.174203 0.925720 0.166789
3 42
0.000005 0.000007 0.000004
2 7
0.913211 0.049155
3 10
0.826816 0.991386 0.065926
2 7
0.116206 0.816418
2 3
0.999998 0.999998
3 10
0.800424 0.001969 0.912674
2 60
0.929647 0.101100
3 4
1.000000 0.999999 0.484997
3 42
0.999999 0.999999 0.999998
3 17
0.850179 0.335913 0.019028
2 4
0.000001 0.000006
