20
1581945094 9999991 1 9999991 9999989 159999857 489999556 549999396 719999209
1585081851 759324 967048 10000000 9999999 610000001 740000000 289999972 979999902
3 1 3 3 3 1 0 1 1
54341206 9999909 9999991 9999949 9999991 689996482 829995765 749999326 389999649
907005781191085944 1 5 9999949 9999991 839995717 809995867 459999587 579999478
6042199 9 123456 18 10000000 39655126 836306508 640000324 90000765
789870595193472657 5360341 675784 8600975 754947 876155896 890899377 754304700 203276021
980046644627629799 9 123456 18 10000000 831918484 451864686 840000324 650000765
962024073147815594 9999991 1 9999991 9999989 129999884 899999187 979998923 129999859
274467416870917042 7270184 3005711 7759177 8197657 803826746 672879876 877174079 68314903
70413132 123 1 10000000 10000000 20000001 190000000 90000001 360000002
1555193042 9999991 1 9999991 9999989 259999767 19999980 239999737 679999252
299896237124947938 681206 164538 2280874 981991 416793690 904023823 813682336 774801135
21226979124954459 1992450 782255 2704224 4505616 370983767 153300418 852618302 706520016
758494663875 1 1 1 1 34857 92345 929 16730375
36302668 1 10000000 10000000 10000000 910000001 610000000 380000001 579999998
763526783810179646 741864 167766 7315499 3851100 922855524 89780690 441276473 271986168
47024811 9999991 1 9999991 9999989 729999344 309999719 789999132 309999659
967702028973969107 1 10000000 10000000 10000000 840000001 670000000 40000001 19999998
974487874647179085 9999991 1 9999991 9999989 159999857 819999260 89999902 69999923
