100
5 15 2
2 10 1
24 42 3
1000000 1000000 1
1000000 1000000 2
2 10000000 1
2 10000000 2
2 10000000 3
2 10000000 4
2 10000000 5
2 10000000 6
2 10000000 7
2 10000000 8
2 10000000 9
2 10000000 10
8871874 9106921 3
331489 365258 3
1673990 4964281 4
2538323 6179886 2
1025453 8126648 3
3361449 8066195 5
2174560 8350603 5
1924670 7300066 4
3356201 7892516 1
6106950 8813219 2
3727417 4063511 4
3906481 8482851 1
1190025 5884818 4
3530768 3862846 2
3639960 4537222 2
4676591 6532150 3
5920093 9632621 2
5974475 8755316 5
2055959 3285607 1
5962779 7546760 4
7616599 9656814 3
819395 5881718 3
4540063 9776151 3
3149358 4816092 4
859164 9298582 3
5182061 8775862 5
106155 1892761 1
1183683 1981007 2
2607093 8066130 2
2774448 6482213 2
6088359 9056768 4
152581 3587075 3
6558386 7695670 1
3076816 8569562 4
4384507 7991697 5
1620670 8969214 4
2758646 8066510 4
1832012 3474647 5
4681249 9985120 2
1542709 7820522 3
6581283 7345664 4
5400108 8500614 4
71201 3452422 5
6236504 6406553 3
1212007 8814797 5
280161 4022288 4
5998828 9313139 3
3334556 6692366 2
4238738 8482756 2
1397629 4490703 1
5239504 5466741 1
1115185 2191541 5
1004498 3467821 3
249829 4915791 1
1268386 7040359 5
3165210 8983866 2
313542 9645661 4
3316911 8040431 4
1294444 1873758 2
5151921 6733095 2
3466230 7052925 4
5217611 9465564 2
372758 8901763 1
3650751 7274864 3
328169 7413213 3
1537426 4324540 2
3472440 5658810 1
732178 3267497 4
6742737 8769166 2
1645327 6034975 3
1119888 3311178 3
8087077 9505792 4
1515067 4051848 3
7034691 7549385 4
3254111 9037177 3
5931909 6822709 3
9044939 9418713 5
1074662 6227284 2
8201820 9209955 3
6245823 9177823 4
426284 9502658 4
847145 6488989 4
115606 3742378 3
6055091 6351638 1
5154586 9431441 4