20
38095 39579 180 6 1507 11485 32227 86 32 39 26
4886 4367 95 87 1000000 3493 4363 2 66 19 64
37637 35252 131 4 1326 1844 2265 72 38 3 79
4 4 1 1 3 1 1 2 2 2 2
28557 13495 1138 1991 385 23252 10801 56 19 77 36
14 15 12 4 4 3 5 84 74 53 68
36402 39273 278 35 1000000 11371 25106 51 98 33 54
5134 2621 141 183 1000000 2309 282 36 56 66 26
1078 5052 143 146 1000000 857 568 15 20 2 7
36478 39536 170 1 1442 22516 31242 4 70 37 6
9870 591 100 109 1000000 46 313 37 25 63 70
35728 35276 139 460 1000000 14745 27690 33 97 8 69
39954 39461 443 17 1000000 34349 36388 60 98 69 44
24576 30148 1171 1922 740 19787 13047 34 74 34 11
6 10 3 2 2 0 0 5 4 3 2
192 223 29 170 28 25 108 89 74 40 51
490 844 318 332 275 241 434 79 99 34 80
4 4 2 2 1 0 2 1 2 3 4
39078 39880 20882 20735 3 22243 24336 53 36 6 40
39353 39838 20565 20767 3 35517 37854 90 60 17 84
