100
2
0 1
0 2
3
2 2
0 0
4 4
1
1 1
5
0 5
0 1
1 1
4 7
5 6
2
0 3
0 2
1
245 1360
7
2 5
6 7
9 10
11 12
8 13
1 4
0 3
2
0 1
0 3
5
2 3
4 7
7 9
0 4
0 5
1
0 1
3
3 5
2 4
0 2
5
3 4
4 8
1 3
3 6
0 3
9
4 6
3 16
11 13
14 15
10 17
2 8
5 12
0 1
7 9
4
5 7
0 4
3 7
1 1
7
3 11
1 10
6 7
1 2
0 2
2 10
10 13
5
0 5
0 2
0 9
0 4
0 1
1
0 1
1
0 0
2
1 2
0 1
10
0 19
0 2
0 4
0 10
0 3
0 2
0 3
0 1
0 2
0 9
7
1 8
12 12
6 9
0 4
8 9
0 3
5 6
1
0 1
5
3 9
0 2
1 3
4 9
2 3
7
0 2
3 6
8 8
11 12
8 10
0 2
6 7
2
0 3
1 3
6
1 11
7 8
2 3
0 6
4 5
9 10
2
143 159
241 288
9
7 12
0 16
9 10
4 8
3 5
1 14
2 6
15 17
11 13
1
0 1
2
0 1
0 3
8
6 14
6 6
11 13
0 9
3 4
3 14
7 12
1 3
1
0 1
9
13 15
5 5
5 12
3 14
0 10
0 5
0 2
15 17
8 12
10
592 682
139 1047
102 674
101 526
424 1892
1088 1355
197 609
511 1668
869 1061
309 323
8
9 11
7 10
11 14
0 2
6 11
0 4
2 6
5 7
6
5 5
0 10
9 10
5 7
0 7
1 3
9
0 17
0 9
0 6
0 5
0 5
0 4
0 1
0 2
0 2
3
1 4
1 4
0 3
3
364 435
1279 1868
109 538
3
0 3
3 3
0 3
7
7 11
2 3
4 8
1 1
4 5
7 11
10 13
9
470 475
391 1572
36 1389
299 726
313 513
712 1168
1329 1542
763 1433
166 266
2
774 1075
33 291
8
2 4
10 12
2 12
0 8
8 8
5 14
1 13
0 0
9
0 15
14 16
9 12
1 5
8 13
3 6
2 17
4 7
10 11
9
0 4
0 5
0 5
0 1
0 8
0 7
0 17
0 3
0 4
2
1 2
0 3
4
0 1
0 4
0 3
0 7
3
1 2
3 5
0 1
7
7 7
3 7
1 5
1 4
5 6
0 5
5 13
1
0 1
6
241 561
267 591
361 1053
1165 1270
937 1437
53 602
6
3 4
0 8
2 9
1 7
5 6
10 11
2
1 3
0 3
1
0 0
5
0 2
0 2
0 1
0 3
0 9
10
0 4
7 8
2 9
10 15
16 18
11 14
6 19
5 13
1 12
3 17
9
16 17
5 14
4 6
2 7
11 12
0 8
10 15
1 9
3 13
7
5 13
0 3
3 11
1 5
2 12
9 9
5 7
6
1185 1637
253 347
15 47
1450 1880
632 760
31 302
3
0 3
0 5
0 1
2
0 2
0 2
4
2 3
5 7
0 1
4 6
4
4 7
2 6
0 0
1 4
3
1 1
5 5
0 2
10
0 19
0 10
0 8
0 4
0 4
0 2
0 5
0 7
0 1
0 2
1
0 0
7
0 1
0 2
0 7
0 5
0 13
0 3
0 2
5
0 0
0 0
0 0
0 0
0 0
2
0 0
3 3
4
1761 1878
1181 1666
476 1320
1483 1957
4
6 6
0 0
3 5
0 3
5
301 1557
350 586
1092 1649
157 183
18 260
5
0 1
1 3
1 8
7 9
2 7
10
2001 2001
2001 2001
2001 2001
2001 2001
2001 2001
2001 2001
2001 2001
2001 2001
2001 2001
2001 2001
5
8 8
3 7
2 4
0 6
2 4
4
0 1
4 5
6 7
1 1
9
0 3
0 1
0 17
0 5
0 4
0 7
0 5
0 4
0 9
4
4 4
5 7
0 1
1 4
7
8 13
3 4
5 12
7 11
9 10
0 1
2 6
10
2 5
0 14
5 16
6 9
2 9
12 13
7 9
0 8
16 18
13 13
8
8 9
0 2
10 12
0 6
0 6
10 15
3 15
3 13
8
0 5
0 15
0 8
0 2
0 5
0 8
0 1
0 6
8
0 3
13 14
0 0
8 11
3 14
2 6
11 12
0 4
8
0 7
4 6
0 8
2 8
3 13
8 16
8 13
4 8
3
4 4
0 1
2 3
5
319 581
1117 1958
35 132
180 1430
601 972
1
0 1
5
0 1
0 5
0 4
0 2
0 9
1
1340 1732
3
1 5
0 1
1 3
5
316 1314
48 168
1515 1534
262 425
719 1146
1
0 1
8
6 13
3 10
6 10
0 2
0 3
4 9
8 12
12 15
1
887 1552
1
0 2
10
16 18
1 7
14 16
7 8
0 4
11 14
6 14
0 0
0 4
12 18
3
0 2
0 1
0 5
5
0 4
0 1
0 2
0 2
0 9
6
0 10
5 6
2 10
3 6
0 2
5 9
