100
2
0 1
0 2
3
2 2
0 0
4 4
1
1 1
5
0 5
0 1
1 1
4 7
5 6
5
5 9
0 0
0 3
5 5
3 8
7
0 4
0 5
0 13
0 3
0 3
0 1
0 4
3
2 4
1 1
3 4
6
0 2
0 5
0 4
0 2
0 11
0 1
7
1 9
4 14
2 9
6 10
0 4
2 5
6 9
8
10 14
10 11
8 15
0 4
2 8
6 10
5 7
1 3
10
14 15
11 11
7 8
14 17
1 19
2 10
0 2
3 5
5 9
13 15
6
2 4
2 6
7 11
0 0
7 11
5 7
6
0 8
3 3
3 5
4 10
0 2
3 8
5
0 2
0 9
0 5
0 1
0 5
8
9 11
2 9
3 4
4 10
12 14
0 13
1 7
1 8
5
4 7
0 3
1 3
6 7
1 7
4
0 4
5 6
0 6
0 1
3
95 590
1 239
285 811
9
2 3
5 10
10 14
5 16
8 8
12 12
4 5
14 17
0 1
7
3 10
5 11
0 2
3 5
8 11
4 8
0 13
7
7 12
0 2
5 9
7 13
5 9
3 5
1 2
7
770 1233
58 550
605 1607
23 34
625 751
607 1161
10 134
8
0 1
0 15
0 7
0 8
0 7
0 5
0 5
0 7
4
0 1
2 4
6 7
1 5
10
2001 2001
2001 2001
2001 2001
2001 2001
2001 2001
2001 2001
2001 2001
2001 2001
2001 2001
2001 2001
2
0 1
1 3
4
0 7
0 4
2 5
4 6
5
0 2
0 4
0 9
5 5
5 9
7
4 12
7 10
5 13
0 5
3 11
0 10
0 5
5
0 0
0 0
0 0
0 0
0 0
9
7 7
12 14
0 8
4 7
0 10
10 14
3 13
0 2
14 16
7
7 10
7 9
6 13
1 4
0 0
3 6
11 12
3
0 3
0 5
0 1
8
12 13
3 5
0 3
10 10
3 7
0 8
9 14
6 7
6
8 9
0 0
0 0
8 9
0 2
4 8
1
0 2
4
0 7
0 3
0 1
0 4
6
3 8
2 9
5 8
8 9
0 6
1 3
2
2 3
0 1
7
5 8
7 10
11 12
0 1
5 9
1 1
5 12
5
2 4
1 4
2 5
0 4
4 5
10
6 7
2 13
9 11
5 12
1 3
16 18
10 14
8 15
17 19
0 4
1
370 806
9
2 2
7 12
0 11
11 16
9 10
2 5
8 10
0 15
2 17
3
0 3
3 5
0 1
5
3 7
0 3
6 8
1 1
3 5
2
1 3
0 1
1
0 1
2
0 3
0 3
2
0 2
0 2
1
0 1
6
1 3
0 9
6 6
2 6
10 11
2 5
5
0 4
1 6
3 7
4 7
3 7
2
2 2
0 2
2
2 2
0 2
7
0 2
6 8
4 7
2 2
10 13
8 10
3 8
2
2 3
0 1
10
15 16
1 16
7 14
0 3
10 13
16 17
7 7
4 4
3 13
2 8
6
4 4
0 0
5 9
10 10
0 3
1 4
9
1044 1759
690 980
1127 1201
610 1969
1142 1737
37 626
776 1317
139 403
108 114
5
6 7
5 7
1 2
2 3
0 8
6
3 9
0 5
0 9
7 7
0 9
4 5
8
0 4
2 8
1 12
3 5
4 9
12 13
5 5
12 12
9
0 7
9 13
4 8
4 8
0 15
3 12
2 7
15 15
9 13
5
0 1
3 8
5 5
2 7
6 8
3
1 3
1 3
0 4
4
1 4
4 5
1 4
0 1
5
0 1
0 5
0 3
0 5
0 9
8
0 1
0 3
0 3
0 8
0 6
0 4
0 6
0 15
2
0 3
1 2
4
704 907
151 1526
840 973
137 623
7
6 7
12 13
2 3
0 3
6 6
3 6
0 6
5
0 1
0 4
0 2
0 3
0 9
5
0 2
6 6
6 7
1 3
3 6
5
24 93
833 916
811 1959
314 344
297 729
4
1 4
0 3
4 4
0 3
1
0 1
2
0 1
2 2
9
8 11
0 0
2 9
7 11
10 11
3 3
6 11
3 15
15 15
4
3 7
0 7
3 5
0 0
8
5 11
6 9
1 3
8 10
2 4
7 14
0 12
13 15
6
6 7
0 2
5 10
1 5
8 10
0 7
5
0 7
5 8
1 2
4 5
1 9
5
0 0
1 5
4 5
8 9
2 8
7
1 4
11 13
2 5
9 10
7 12
3 6
0 8
2
0 1
0 3
8
0 1
0 6
0 4
0 7
0 15
0 5
0 3
0 4
5
1 3
1 6
0 5
3 7
8 8
7
8 9
2 11
0 3
2 2
2 8
8 8
1 11
7
3 7
10 12
11 12
0 5
8 8
0 6
0 3
8
0 5
0 0
5 7
14 15
3 3
5 10
12 13
0 10
10
154 1148
32 412
754 876
38 67
88 353
51 152
761 1162
464 564
1030 1259
63 259
5
0 5
0 5
0 1
0 4
0 9
10
884 1035
572 1311
65 1941
1 14
89 100
109 756
29 51
1097 1959
9 617
450 1518
4
0 1
0 2
0 7
0 3
4
6 6
0 1
2 7
2 2
8
384 604
239 1279
199 214
368 1707
119 249
413 678
1534 1975
983 1504
1
314 356
5
443 1520
383 1326
178 886
1002 1401
311 1329
8
1657 1716
445 998
196 1701
623 1012
195 672
420 1662
146 331
362 971
