100
5 3 10 5
0 2 5 6 7
1 1 1 1 4
5 3 10 5
0 2 3 5 7
2 1 1 1 4
5 3 10 5
0 2 3 4 7
2 1 1 1 4
1 0 1000000000 1
1
50
8 2 66545098 654
17550664 66491153 66493717 66502879 66507063 66507876 66537479 66542637
100 83 78 64 58 56 11 3
4 1 233733699 365
233697361 233698777 233701408 233711026
99 10 14 65
7 2 814912479 403
62705052 90415963 814887494 814890800 814901859 814903187 814908275
89 96 75 98 40 44 6
7 2 474267570 24
15614004 474265412 474266775 474266840 474266902 474267043 474267114
56 90 71 35 100 74 77
1 1 1000000000 1000
999900000
100
9 3 717622227 116
25185024 178052729 232615245 717615745 717616385 717616500 717616826 717620384 717620824
100 100 100 56 50 49 46 15 13
2 1 508978449 947
115159926 291984105
25 77
3 1 881066910 560
881020223 881024656 881043143
84 75 43
3 1 440226934 316
440200168 440217070 440219813
85 31 23
3 2 163554638 604
163499077 163524224 163527557
100 7 66
9 2 745294858 609
26166573 745250186 745254964 745254971 745283892 745285342 745292611 745293261 745294243
89 22 2 83 12 54 44 1 42
4 1 809002686 48
79873188 808998447 809000074 809002537
58 98 93 3
4 1 163554759 920
163489144 163500541 163510105 163515037
94 13 34 28
2 2 1000000000 1000
1 999999999
100 1
2 1 69125368 498
69080477 69122068
32 99
6 1 564869346 817
564813771 564817022 564836232 564838255 564850960 564864671
84 99 90 87 81 23
3 1 609770611 202
609754786 609757214 609769660
58 15 85
4 1 15194080 961
15109830 15121434 15147974 15169704
26 11 31 44
3 1 130157695 960
38088304 130106684 130153552
1 48 2
8 1 314801033 946
314732195 314735100 314744288 314762219 314769264 314778053 314791214 314798617
33 18 22 3 22 10 18 57
10 1 814770861 117
814759535 814759854 814762436 814762656 814763004 814764504 814766699 814768403 814768657 814768762
97 95 69 9 96 29 33 19 96 8
6 1 953325881 495
36500813 56418117 366165159 953305995 953310852 953317926
35 74 33 59 20 8
7 2 526828021 11
526826927 526826965 526826993 526827649 526827668 526827728 526827865
89 52 63 28 19 3 52
9 3 330931150 583
330874015 330878129 330878377 330905374 330907285 330914990 330915152 330918371 330920384
98 90 90 44 40 27 27 22 18
3 3 755340395 559
755311631 755322703 755336030
52 32 8
2 1 215894369 948
215813304 215818148
100 2
5 2 974560522 376
7651279 383789683 437133553 974546703 974550835
2 74 23 64 52
10 2 729162402 320
117703824 729131409 729134168 729139018 729144017 729144159 729151450 729154530 729158443 729160882
14 65 58 1 84 34 8 23 6 2
8 1 860750831 709
215156305 304738165 379941118 551717659 591523767 860723592 860734635 860744535
6 48 30 35 77 14 20 8
6 3 921391914 397
921356236 921364906 921365557 921370045 921383451 921386911
92 75 89 89 46 88
5 1 287808331 577
2951296 20193681 81926656 287773659 287786981
67 26 68 52 74
10 2 194564179 934
194473273 194475452 194478264 194482853 194503766 194514318 194522848 194522851 194523823 194528928
99 97 72 51 47 76 15 5 52 8
8 1 343591320 811
30057954 40074234 343545927 343550141 343557290 343566815 343574716 343588559
100 100 56 50 41 30 20 3
6 1 503923198 111
503915018 503915229 503916809 503918746 503920391 503920852
95 15 9 10 22 8
5 2 421877856 503
10736910 36131036 421863957 421865466 421875629
53 56 82 8 3
3 3 732885007 99
732877545 732877895 732882321
76 72 28
9 1 583382040 477
58747276 180934521 583358172 583363541 583370031 583372600 583377223 583377300 583380750
14 74 91 18 25 6 7 85 1
9 1 859883423 66
30898907 47746786 859878698 859878801 859879489 859881011 859882115 859882245 859882984
96 53 76 68 23 14 17 8 4
4 1 258944069 108
258934969 258937773 258939769 258940911
86 14 7 83
10 3 132156098 347
132124014 132127092 132135084 132136189 132140117 132140426 132142460 132144786 132145815 132148117
4 98 77 8 95 64 70 55 9 94
10 2 480551547 249
42075417 109690455 480532889 480536627 480537234 480537643 480538358 480544479 480545485 480549697
97 13 95 91 31 86 31 23 54 2
8 3 242959190 671
242894215 242914144 242929112 242943203 242943552 242945183 242955690 242957856
100 89 44 8 18 1 1 1
10 2 784479915 848
136033788 346489136 445490316 453736282 470514591 784435722 784439266 784457136 784468883 784478887
100 100 100 100 100 52 48 27 14 1
1 1 1000000000 1000
999899999
100
2 1 383696741 316
383677757 383680158
61 52
2 2 619125510 926
619063999 619098404
67 30
9 3 833509821 452
43535029 833465637 833469939 833478801 833487549 833497454 833503169 833504264 833508798
100 97 88 69 49 27 14 12 2
6 2 313289029 886
313204701 313207891 313234816 313251233 313272336 313286936
96 91 62 42 19 3
7 2 236601133 8
236600562 236600593 236600706 236600811 236600859 236600903 236600995
71 68 53 41 35 28 18
10 2 27267186 733
7156179 8473665 27204829 27211022 27213467 27215128 27219706 27223254 27247259 27261549
51 98 97 74 24 30 15 42 78 6
10 3 704459906 596
704406866 704412397 704430818 704436552 704438322 704438502 704440932 704441422 704455506 704458231
98 99 22 7 34 91 95 26 84 86
4 3 727754212 582
727725845 727732198 727733474 727751016
18 32 85 1
10 1 698502433 780
21048836 698433193 698448009 698456528 698456873 698457326 698468140 698484187 698495697 698496691
66 88 2 11 54 7 35 19 70 1
3 1 188745463 676
188696076 188701273 188713911
73 66 47
3 3 816173988 733
816126337 816143577 816155836
66 42 25
8 3 333408389 152
333393809 333395654 333397545 333398279 333402526 333404000 333405071 333407964
98 89 84 60 95 63 4 98
3 3 536523020 551
536474178 536506675 536518209
97 36 54
5 2 809045858 467
67528671 809028427 809036718 809039612 809045364
29 38 86 7 11
3 1 274713844 82
36652473 274712076 274712636
73 23 18
5 1 489279124 831
68154751 489208804 489213432 489217814 489243133
53 77 87 99 39
6 1 389536417 807
22199867 32977009 389473306 389486743 389502576 389530819
49 72 98 40 69 3
6 1 226040149 239
1274214 226019514 226027201 226029615 226036988 226037031
97 97 48 18 3 5
7 1 858447932 791
28386896 858389367 858394956 858405745 858419576 858433560 858443628
83 6 24 41 5 7 1
5 1 344323336 512
344278515 344291598 344308116 344309422 344315858
93 80 57 34 61
10 1 78437606 272
319281 78413804 78415306 78423324 78424888 78428281 78432355 78433843 78434593 78436635
100 87 81 53 46 34 19 14 11 3
10 3 630908001 681
630845154 630856701 630858405 630870116 630873407 630882227 630889178 630900022 630902364 630903608
95 9 94 22 46 39 28 9 79 43
2 2 199607429 834
199556800 199563126
12 96
3 1 145588764 740
27897664 145551971 145567854
100 50 28
3 2 408626222 58
408622263 408622817 408624603
94 70 68
9 3 617678728 634
26894975 617628720 617630578 617643031 617650214 617651150 617668272 617671745 617672128
12 86 24 64 20 64 53 7 70
8 1 889835957 330
14859155 297876024 324983769 400105073 486509282 550877992 686404337 731412769
37 8 24 99 14 82 26 59
5 3 73048243 534
73016399 73017656 73017894 73029664 73045914
94 1 95 22 4
6 3 876770371 758
876723934 876735138 876757790 876761971 876763840 876763863
84 71 72 100 1 2
2 2 794582972 221
794568147 794578723
69 66
9 1 885179807 389
885144249 885153790 885158449 885159390 885160424 885162663 885163559 885176192 885176702
93 69 51 32 3 20 31 7 7
4 2 768077956 700
137343164 141691154 768032404 768044802
42 6 96 96
10 3 656181818 471
72163512 656151467 656152154 656153410 656154858 656157087 656170449 656175122 656177423 656181023
44 87 21 30 78 68 8 22 7 1
9 2 103253924 401
103217887 103218077 103218390 103226228 103238298 103242594 103243220 103244717 103249109
96 90 78 79 78 18 45 14 53
2 1 447969572 804
447895575 447914647
42 91
2 2 253467955 583
253427705 253456323
81 62
9 3 873908467 586
873850107 873857779 873862077 873871920 873873733 873878276 873881032 873887168 873907651
100 87 79 63 60 51 47 37 2
2 2 802404287 31
802401771 802402376
85 86
10 1 936969159 801
936890865 936892181 936897107 936903358 936906570 936909670 936916836 936922810 936928996 936940359
100 100 93 87 32 86 54 31 30 72
2 2 246794269 821
246713955 246777717
98 27
6 1 953129340 241
953112108 953113643 953113810 953120058 953120360 953127832
78 88 40 5 16 4
8 2 380966305 644
380919959 380937212 380941937 380942403 380943026 380950456 380951084 380963859
88 18 67 61 63 94 73 3
3 2 924709990 91
924701787 924702063 924702649
97 91 16
3 3 173586435 186
1564131 2862476 173585618
100 100 5
8 2 203639905 484
31812851 203591877 203605810 203617629 203621152 203621640 203624997 203628334
12 100 53 75 16 62 27 43
7 1 48717672 878
48632201 48664041 48666470 48691864 48691888 48705514 48710236
98 61 58 29 29 13 9
3 2 692350695 273
139616719 692340173 692341201
90 4 43
7 1 330594368 844
330522402 330523394 330551948 330552163 330564787 330585259 330590900
94 34 9 26 8 7 2
8 2 11652797 86
528407 11646545 11647708 11648031 11650545 11651221 11652383 11652573
94 85 33 91 7 16 2 1
5 2 509657019 515
509631333 509631897 509645165 509646700 509651408
52 86 1 57 17
5 3 916887409 800
916848514 916861344 916869619 916871580 916876513
52 36 2 59 92
7 3 519271743 421
123015692 159040310 191051777 519259473 519268154 519270453 519270831
100 100 100 29 8 4 3
