50
1029793 1957690
122605 185470
1007976 1973536
100000 100001
3093 8935
355026 903122
1058784 1058784
26705 77421
836334 991806
1083089 1776571
5083 6898
1019773 1955736
1156214 1850186
1097100 1944662
1049714 1964864
805798 862519
577 592
4822 6108
1220476 1568264
112026 208387
1052162 1996906
251 674
10249 96065
1531844 1573445
48 82
1 1
1077901 1337058
272295 272295
100000 999999
3962 7275
1012053 1922903
1076957 1998587
1000 9999
1000089 1953512
1058108 1942367
1146636 1381882
43943 44984
1480595 1934372
29 82
65690 87865
1028690 1983290
289016 380935
1098258 1987341
27504 86477
1045896 1932979
1095684 1939494
1068732 1937402
1047864 1928824
1 7
129 327
