20
26 0.928 0.246 0.915 0.726 0.009 0.732 0.041
47 0.919 0.906 0.703 0.151 0.851 0.311 0.505
26 0.928 0.032 0.852 0.335 0.771 0.136 0.471
58 0.239 0.204 0.010 0.535 0.911 0.130 0.369
66 0.820 0.682 0.189 0.313 0.558 0.181 0.919
2 0.180 0.156 0.548 0.790 0.004 0.311 0.019
1 0.800 0.100 0.500 0.500 0.500 0.500 0.500
62 0.740 0.653 0.323 0.642 0.837 0.773 0.610
27 0.620 0.014 0.817 0.451 0.090 0.229 0.504
40 0.763 0.659 0.378 0.149 0.117 0.487 0.657
2 0.600 0.200 0.500 0.100 1.000 0.100 1.000
86 0.633 0.095 0.166 0.183 0.960 0.823 0.176
53 0.623 0.075 0.451 0.830 0.258 0.036 0.105
78 0.603 0.393 0.706 0.415 0.422 0.564 0.083
7 0.845 0.096 0.965 0.401 0.698 0.213 0.703
12 0.915 0.628 0.785 0.748 0.986 0.089 0.091
92 0.851 0.655 0.970 0.768 0.448 0.576 0.394
1 1.000 0.000 1.000 1.000 1.000 1.000 1.000
27 0.576 0.415 0.480 0.105 0.952 0.391 0.633
99 0.835 0.833 0.989 0.059 0.672 0.824 0.508
