100
6 1121012
6 2001202
6 0701621
3 4349
5 400005
6 9000041
6 9999999
1 88
6 0000001
2 417
6 1112101
6 4098715
6 3299062
1 92
3 1111
6 0009095
1 22
6 5149719
6 1111111
1 21
6 8002091
3 2066
6 0506005
6 0300001
6 0615908
6 0090027
6 9217993
1 09
6 1102111
6 0003001
4 44001
6 0102121
0 3
6 6040001
6 2020111
5 040011
6 2050001
6 9000001
6 0006301
4 12011
6 9050461
4 00001
5 730689
6 6000201
6 0000002
6 1000851
6 0100001
5 700001
6 0120212
6 1440901
1 11
2 001
2 012
5 600001
6 2020005
6 1111221
6 1101001
6 0000001
6 0700061
4 11111
6 2056928
5 000003
6 0000001
4 60001
6 8004011
6 0000701
0 1
3 4001
2 111
6 0010001
6 6002801
6 0000001
6 4021159
6 9006001
0 1
6 7000101
5 122011
5 139886
2 581
5 110011
4 00002
5 425261
6 0209091
6 2800001
6 1101212
1 47
0 1
2 001
3 7481
3 2091
6 0730001
6 6989325
6 5186518
6 1111212
0 1
4 00501
2 001
6 0001081
4 22111
6 1207001
