20
10 11
1 2 3 4 5 6 7 8 9 10 
19 19
23 39 19 25 43 8 35 49 21 38 15 25 21 14 21 23 39 27 34 
19 20
29 1 14 31 2 43 30 38 27 9 16 33 49 34 29 37 41 29 10 
18 10
24 45 1 4 10 30 50 37 23 49 8 6 31 15 13 31 36 44 
20 1
0 0 0 0 0 0 0 0 0 0 0 0 0 0 0 0 0 0 0 0 
18 10
4 14 24 35 2 11 36 45 29 20 28 44 27 47 19 46 32 23 
18 4
37 23 15 44 9 3 47 15 29 50 40 16 14 34 45 28 45 40 
17 14
15 2 48 50 34 36 9 47 27 2 38 6 39 49 43 5 17 
20 1
50 50 50 50 50 50 50 50 50 50 50 50 50 50 50 50 50 50 50 50 
3 3
5 18 49
19 4
0 24 42 4 11 35 50 24 11 9 8 25 0 37 34 8 28 7 2 
18 5
23 45 33 46 21 47 41 25 12 42 46 19 31 48 24 36 49 4 
18 6
27 0 48 28 9 44 42 23 34 37 13 29 18 7 6 28 30 37 
19 3
3 22 50 41 34 10 33 49 43 35 17 23 10 27 30 23 6 17 7 
20 1
0 0 0 0 0 0 0 0 0 0 0 0 0 0 0 0 0 0 0 2 
20 1
1 1 1 1 1 1 1 1 1 1 1 1 1 1 1 1 1 1 1 1
18 14
7 34 37 50 50 6 18 39 27 8 5 16 8 9 0 25 7 10 
17 3
13 20 11 24 36 36 27 7 31 2 13 21 16 7 7 6 15 
20 7
12 35 42 15 23 45 23 4 16 2 4 33 2 12 42 8 6 42 21 40 
3 1
1 2 3
