100
384 742
31 128
1 2
65 485
8 584
1 484
3 121
578 993
21 122
10 120
271 614
35 192
120 221
7 584
3 104
126 707
65 122
1 109
1 65
1 6
100 1000
161 687
158 763
7 122
7 65
1 1000
120 302
151 375
1 4
120 121
484 742
122 565
637 924
9 10
126 495
9 302
110 433
1 584
122 1000
3 9
484 484
60 977
1 302
50 576
9 221
1 101
7 109
4 4
241 811
52 686
121 302
3 65
1 9
121 485
59 556
121 484
121 221
398 542
1 1
4 65
40 431
430 547
64 708
525 534
50 806
303 485
9 122
384 485
4 109
63 342
21 742
3 6
1 104
9 742
42 769
484 584
8 221
7 121
483 584
8 302
3 5
8 10
411 944
21 485
427 992
3 221
216 913
3 4
1 742
9 9
1 10
65 121
122 483
544 774
8 109
1 5
7 302
8 65
65 584
3 485
