100
31524
897
123
10
5
999999999
0
10
9990999
939214502
773452111
142155100
604231672
857412048
287689159
422931895
728154034
926288077
380045476
869841756
472956328
67954827
324585222
796888162
906755308
686277820
718179101
983606612
172720996
438536300
675905967
183177323
344115361
229735494
626713815
315466572
189923057
158421087
519644114
623885686
47078002
290009020
504349673
301819730
95124058
731566438
71429777
522400210
339027548
229060391
470695573
474712259
408886824
216793189
314146739
57961734
393698191
208297360
134351747
331343270
731407053
764921681
621007349
218198062
32753219
442015041
155530534
181355259
342244656
476018690
26761681
497609663
724144391
30426294
655612982
820715607
545178093
749039533
474867873
994967987
877115755
572373221
102163946
763307818
571198404
469689830
411524629
197557112
729970282
23734873
469952340
444558727
691917617
363033526
364669874
86432949
314138255
92106130
640187092
376660869