100
2
2 1
3
1 3 2
4
2 1 4 3
4
1 2 3 4
4
1 2 4 3
4
1 3 2 4
4
1 3 4 2
4
1 4 2 3
4
1 4 3 2
4
2 1 3 4
4
2 1 4 3
4
2 3 1 4
4
2 3 4 1
4
2 4 1 3
4
2 4 3 1
4
3 1 2 4
4
3 1 4 2
4
3 2 1 4
4
3 2 4 1
4
3 4 1 2
4
3 4 2 1
4
4 1 2 3
4
4 1 3 2
4
4 2 1 3
4
4 2 3 1
4
4 3 1 2
4
4 3 2 1
8
3 4 1 7 5 6 2 8
2
2 1
10
1 2 3 4 5 6 7 8 9 10
3
1 2 3
8
4 3 8 5 7 2 6 1
10
10 6 3 7 8 4 1 9 5 2
1
1
2
1 2
8
6 5 1 7 2 4 8 3
8
6 1 5 2 3 7 8 4
7
2 6 1 3 5 4 7
9
5 3 7 1 6 8 4 9 2
8
6 3 2 7 8 1 4 5
3
2 3 1
2
2 1
8
3 7 6 5 1 8 2 4
6
6 2 5 4 3 1
7
5 2 1 4 6 3 7
4
4 3 2 1
8
7 3 8 1 5 6 2 4
5
1 2 3 4 5
7
1 2 5 3 6 4 7
6
1 2 3 4 5 6
8
1 3 4 7 5 6 2 8
2
2 1
7
6 2 3 7 4 1 5
10
10 9 6 7 8 3 4 5 2 1
3
2 1 3
8
1 2 3 4 5 6 7 8
4
4 2 1 3
6
2 1 6 3 4 5
9
2 6 1 8 7 3 9 5 4
6
1 2 3 6 5 4
3
2 3 1
2
2 1
7
1 4 3 7 6 5 2
10
5 6 1 2 7 3 4 9 10 8
4
1 2 4 3
4
2 3 4 1
10
4 8 1 3 6 10 2 5 7 9
10
1 2 3 4 5 6 7 8 9 10
9
9 4 3 5 6 7 2 8 1
6
3 6 1 4 2 5
4
2 1 3 4
10
3 4 1 2 10 8 9 6 7 5
10
1 2 3 4 5 6 7 8 10 9
8
4 8 5 3 7 2 1 6
9
7 8 3 6 2 5 4 9 1
6
6 5 1 3 4 2
8
1 6 3 4 5 7 8 2
7
1 2 3 4 5 6 7
1
1
10
3 7 6 2 4 9 5 1 10 8
3
2 1 3
10
6 1 5 2 7 9 4 10 8 3
8
2 1 8 5 4 7 6 3
2
2 1
9
1 2 3 4 5 6 7 8 9
2
2 1
9
4 2 5 1 6 3 7 8 9
10
1 2 3 4 5 6 7 10 8 9
4
1 2 3 4
10
6 10 8 3 7 9 1 5 4 2
10
1 2 3 4 5 6 7 8 9 10
8
1 7 4 5 3 2 6 8
7
1 3 2 5 7 4 6
9
7 2 3 4 5 9 8 1 6
6
1 3 6 4 2 5
3
1 3 2
2
2 1
9
7 8 5 1 9 6 2 3 4
3
2 3 1
2
2 1
