5
9 2
48071530 715583197 479567108 1050406
2 6 743132951 85415827
2 3 376850600 968665455

11 3
787260730 352556659 382266931 1057730
2 9 734333632 693274928
4 2 109921566 4305285
2 6 677574083 984173544

10 3
395307869 893188066 853669149 1056195
4 7 225271526 816658669
4 0 131869161 339696459
4 7 709635520 662395613

12 3
796525811 590453825 261103276 1050505
3 9 594759110 714784928
3 5 431449006 621243801
3 10 638845242 279357772

12 2
609821186 802201942 33450613 1048819
4 3 988115593 116841583
4 0 327812052 590896542
