100
6 2 8 29 20 8 18 18 21
40 19 7 22 20 3 13 13 0 26 28 18 27 22 8 27 6 24 26 12 15 15 11 15 0 5 7 23 19 3 25 24 16 12 8 18 13 6 2 27 13 29 27
100 0 3 18 9 7 20 7 21 12 11 29 16 9 22 17 17 14 29 18 11 0 19 15 28 26 15 3 20 19 2 30 18 9 9 8 27 22 6 10 23 13 7 29 11 8 12 27 27 8 20 9 6 17 25 13 7 29 30 4 9 9 11 30 25 28 6 21 13 15 18 0 26 8 8 30 11 13 6 22 3 29 7 20 26 14 26 5 0 21 20 5 1 13 2 8 26 8 20 29 3 30 28
58 6 9 24 23 5 19 12 23 12 24 9 23 24 1 23 24 23 23 23 23 12 24 3 24 2 24 23 1 24 27 21 23 23 24 23 30 24 21 23 21 23 29 15 24 24 0 24 24 24 23 10 0 24 24 3 5 23 26 23 7
9 8 2 3 2 14 4 12 14 8 18 29
2 1 5 0 3
49 12 7 0 14 19 22 29 13 3 6 22 11 28 0 14 24 12 22 26 22 2 21 13 4 13 26 25 0 9 20 14 6 17 9 22 29 8 19 14 10 14 3 22 7 21 17 22 19 26 11 12
47 6 9 21 23 23 23 23 24 9 23 23 22 11 24 23 24 24 24 24 24 23 24 23 23 23 23 27 24 24 5 23 24 24 24 8 24 23 16 23 23 23 24 17 24 17 2 6 0 24
66 4 8 21 8 4 20 21 20 21 3 20 20 10 18 10 21 26 21 2 21 21 20 20 21 9 15 20 29 20 8 14 25 13 2 21 20 2 20 20 21 4 20 21 23 15 21 13 20 14 21 20 20 13 21 21 7 22 24 20 22 11 9 20 16 21 0 5 21
80 28 7 18 18 18 26 16 29 1 18 17 23 18 18 18 2 3 18 4 11 18 24 18 12 18 23 3 10 18 18 30 18 18 13 3 18 19 23 17 17 14 13 23 18 17 29 17 18 17 28 18 9 1 16 9 17 18 17 14 17 18 17 17 17 17 17 10 20 2 17 24 17 1 18 17 17 18 18 30 24 18 10
87 87 7 16 22 6 10 27 11 12 24 6 15 7 12 19 9 26 11 11 20 18 26 9 4 15 23 6 18 24 18 24 10 17 8 24 11 8 20 19 4 7 4 7 18 27 16 9 26 12 16 24 16 4 22 17 9 12 9 22 4 18 3 18 12 9 22 17 12 2 6 23 22 12 18 18 6 2 26 26 25 23 23 25 15 4 10 3 12 2
34 15 2 19 3 2 2 2 2 3 20 27 3 2 3 3 2 2 0 5 24 29 2 17 3 15 14 30 13 21 3 3 22 3 1 2 3
43 15 4 30 1 13 3 30 9 16 3 22 1 18 1 21 12 12 29 2 16 22 15 15 22 13 14 19 28 27 23 23 29 19 10 16 19 26 5 9 17 13 27 29 27 24
80 0 10 30 30 30 30 30 30 30 30 30 30 30 30 30 30 30 30 30 30 30 30 30 30 30 30 30 30 30 30 30 30 30 30 30 30 30 30 30 30 30 30 30 30 30 30 30 30 30 30 30 30 30 30 30 30 30 30 30 30 30 30 30 30 30 30 30 30 30 30 30 30 30 30 30 30 30 30 30 30 30 30
100 24 9 9 24 23 2 13 23 29 0 23 23 19 24 24 24 2 28 17 18 26 23 17 0 11 0 17 24 16 16 24 24 24 23 23 27 24 14 23 23 24 28 24 23 23 8 23 27 7 23 0 24 23 27 3 27 8 23 4 7 27 23 23 7 23 9 18 18 26 27 24 5 23 24 24 24 24 23 16 23 20 23 7 24 26 24 1 24 13 28 24 23 24 23 23 3 23 23 24 30 23 18
82 0 1 8 0 8 21 9 19 23 19 0 0 11 2 12 18 30 6 9 6 17 6 5 10 4 26 23 19 12 1 21 2 10 6 19 3 15 17 28 27 16 1 17 28 14 17 24 7 23 21 27 7 15 4 4 0 10 7 26 6 26 1 22 5 18 28 20 9 21 24 3 23 11 21 29 0 11 2 7 27 7 12 12 28
43 10 10 30 6 6 27 3 30 27 27 12 26 22 27 13 26 19 25 24 26 26 27 27 27 23 24 26 12 26 27 12 9 24 26 27 27 0 26 26 15 1 27 15 27 6
13 10 0 3 16 24 13 27 25 9 23 6 22 23 2 9
45 14 2 3 8 3 7 6 2 5 14 8 2 15 3 20 3 4 2 3 2 3 21 2 9 10 2 2 28 9 2 23 2 24 26 3 14 21 16 29 2 3 3 19 2 2 2 12
40 8 6 15 3 19 29 22 15 7 25 15 10 4 15 15 28 14 19 14 8 15 15 14 14 18 25 14 22 24 15 14 14 14 15 23 15 15 2 15 16 26 8
25 2 4 1 25 4 18 17 4 11 18 21 27 11 7 24 29 29 29 7 5 7 27 25 6 22 25 10
34 34 10 24 17 24 25 14 17 22 13 10 9 27 21 4 28 4 12 25 28 26 23 16 11 7 9 6 11 22 28 26 15 6 15 9 3
69 24 3 5 6 8 24 14 5 5 3 5 22 17 6 4 5 5 21 6 14 6 5 6 9 6 16 6 12 2 5 7 14 6 29 3 5 23 28 5 6 5 15 6 21 18 5 6 6 8 5 6 17 10 5 4 5 6 30 0 9 30 6 6 5 5 26 27 6 2 9 6
100 71 3 16 9 6 30 8 18 24 20 13 17 0 22 9 12 11 30 13 29 29 5 9 7 20 28 13 22 25 11 22 4 7 24 9 2 4 28 13 13 15 16 13 24 1 0 12 7 4 28 19 0 15 10 17 13 26 11 17 8 9 15 29 0 1 9 0 5 24 10 11 6 10 18 29 21 8 22 4 19 15 29 30 6 26 22 5 1 5 29 20 5 22 2 26 1 13 15 8 30 6 2
38 0 1 0 0 0 0 0 0 0 0 0 0 0 0 0 0 0 0 0 0 0 0 0 0 0 0 0 0 0 0 0 0 0 0 0 0 0 0 0 0
30 30 1 25 27 16 22 16 15 27 23 7 28 15 7 4 6 27 15 15 14 5 25 12 25 12 21 11 8 20 25 23 4
57 4 8 4 23 29 14 29 7 21 10 30 24 25 4 8 10 16 28 5 24 16 13 29 11 28 20 25 15 21 7 18 10 16 4 16 24 5 20 19 24 17 17 30 20 16 18 12 9 6 26 28 1 25 16 2 6 26 7 30
26 0 1 15 11 16 1 14 4 5 27 21 27 20 21 1 21 13 2 8 6 22 28 2 29 8 0 12 21
93 0 1 26 6 0 20 8 12 29 7 4 1 22 0 13 14 23 10 23 15 9 4 15 16 24 25 5 12 1 0 13 29 30 0 18 7 24 23 28 21 9 1 13 11 27 26 23 2 1 23 23 10 15 1 9 20 19 3 12 13 2 14 19 9 7 2 10 14 20 0 5 2 8 16 11 22 1 29 15 26 17 11 4 15 25 29 17 11 30 3 11 25 26 9 10
16 8 3 5 5 9 6 6 5 5 21 6 5 5 6 29 5 11 22
74 27 8 17 21 26 21 21 21 21 20 21 20 8 21 4 0 0 20 24 15 21 20 7 21 21 20 20 21 21 7 21 21 21 13 20 19 26 15 20 21 21 20 21 21 6 27 28 21 20 21 20 4 20 20 20 20 5 21 12 21 26 0 6 6 4 20 20 23 20 20 20 19 18 10 20 18
25 25 10 7 22 22 2 24 10 19 24 8 15 18 18 4 13 23 10 8 17 20 10 7 5 23 21 15
53 53 8 6 16 2 16 15 15 3 6 14 13 9 9 17 2 18 8 26 26 28 13 27 11 12 9 13 19 24 20 23 10 14 7 6 21 4 15 12 26 12 20 9 9 8 20 28 19 4 9 28 17 5 9 11
74 47 3 19 25 0 26 8 18 20 2 22 18 11 10 16 19 29 25 13 30 26 5 18 15 28 3 27 26 12 12 0 4 16 15 21 10 15 25 21 0 27 9 5 9 18 19 9 22 17 22 0 22 4 2 2 17 17 12 8 25 25 19 16 2 23 16 25 18 23 14 5 24 30 15 3 0
81 35 6 2 11 8 4 6 20 26 10 1 30 10 8 3 15 4 24 8 6 25 0 16 3 15 15 5 28 4 25 2 5 25 7 0 14 7 16 15 20 2 8 28 13 9 29 5 0 15 29 22 30 28 6 21 30 27 7 21 24 19 15 7 4 27 10 8 17 30 20 24 29 6 10 9 26 27 22 18 12 25 7 17
74 11 8 17 19 0 16 25 12 23 22 30 28 1 17 4 24 7 1 19 24 19 13 6 4 15 17 23 16 20 18 20 9 16 26 17 17 25 13 0 15 10 22 3 19 26 24 2 11 16 16 13 20 30 28 4 21 18 26 0 5 15 22 30 19 2 6 14 21 29 2 27 30 4 18 27 0
78 38 9 24 8 2 22 26 26 24 23 23 23 24 1 23 23 13 12 19 23 26 20 24 4 19 23 23 23 24 3 24 24 24 23 20 8 24 10 24 11 24 23 24 7 23 11 4 6 8 17 6 6 24 9 24 23 10 29 23 14 23 21 19 24 16 10 23 3 23 24 23 4 24 24 23 24 23 5 21 14
1 0 5 11
92 0 7 4 29 29 15 24 24 9 22 14 27 4 8 6 17 28 16 7 8 1 6 21 7 11 8 1 15 13 17 13 20 3 7 27 9 3 19 25 5 12 18 20 6 26 25 26 0 20 20 7 19 19 2 23 7 17 4 22 9 25 19 27 27 10 21 28 24 16 17 0 2 8 11 26 16 8 3 2 24 9 30 1 10 28 26 19 7 12 8 30 21 16 18
48 1 2 1 1 30 12 10 5 11 6 12 25 0 5 3 17 15 27 9 26 28 25 14 0 19 19 6 2 24 17 18 15 6 18 12 17 10 19 24 20 15 29 14 5 8 28 0 29 25 30
98 0 3 25 20 14 12 12 9 0 1 10 15 1 22 28 21 26 7 23 11 1 12 15 30 5 0 18 8 26 20 13 3 13 28 16 19 7 10 17 12 11 14 23 3 21 9 4 29 16 4 5 20 5 13 5 6 13 5 12 8 19 17 1 28 14 24 28 1 30 1 1 6 30 25 27 17 21 30 29 16 9 25 19 13 19 30 21 10 2 28 4 12 9 16 22 22 14 25 18 19
58 4 2 3 2 2 13 28 4 7 2 2 0 11 14 12 3 21 3 22 2 18 3 2 2 3 2 18 3 28 3 20 11 3 21 2 20 19 24 2 2 28 2 26 3 27 24 3 18 2 27 3 20 5 3 2 10 3 5 3 3
72 10 1 10 12 23 5 1 9 0 7 4 24 26 24 1 14 8 3 9 10 19 8 4 24 28 18 24 30 23 12 23 5 4 2 6 17 16 20 21 26 9 15 23 0 1 22 0 24 1 5 21 7 24 2 3 15 20 1 9 15 2 7 2 23 4 27 22 4 16 1 19 11 30 18
28 28 2 19 7 24 13 19 25 18 16 17 26 15 21 28 2 4 10 21 22 15 9 19 18 20 6 8 5 17 18
18 18 3 17 9 20 21 17 9 11 18 28 7 26 21 28 13 17 4 6 12
19 19 0 9 19 10 2 19 24 27 11 18 20 21 3 28 13 18 16 10 17 16
100 19 2 13 28 20 7 7 17 22 29 6 24 26 26 3 10 18 6 3 16 0 24 15 2 21 15 12 14 20 28 13 10 22 15 7 28 3 16 26 8 3 24 27 26 8 12 3 0 17 9 27 24 9 19 17 23 3 23 8 5 28 1 10 13 9 20 12 17 4 14 7 17 15 13 9 10 28 16 1 29 30 20 16 14 12 12 0 27 18 26 8 13 26 27 29 27 21 4 8 6 11 24
40 40 7 21 7 15 22 11 5 8 24 11 11 28 13 22 3 24 6 15 20 3 21 19 4 8 5 3 11 15 7 9 28 12 8 7 16 26 18 9 8 5 5
76 76 10 22 15 12 21 3 3 13 3 2 25 20 23 18 6 16 19 20 17 5 13 13 8 8 4 7 2 10 7 22 25 12 11 3 19 25 7 24 13 3 21 2 11 25 15 21 20 27 16 23 3 9 24 14 17 13 22 27 8 24 22 25 21 6 24 9 14 28 2 3 2 12 26 6 25 26 9
13 0 3 18 7 0 4 5 2 10 14 10 24 22 17 21
91 38 0 6 16 26 3 22 17 11 23 26 2 26 22 15 5 13 1 12 27 5 29 20 18 0 11 11 5 4 11 25 0 30 10 7 4 4 24 21 29 17 14 8 11 3 10 4 21 24 13 6 20 6 22 14 17 25 3 26 9 30 24 13 21 20 10 14 10 17 1 29 29 18 22 25 1 11 27 12 17 30 0 10 6 22 0 1 2 18 8 3 16 5
73 41 1 13 26 19 30 17 26 14 27 25 25 12 28 11 17 13 6 11 12 11 7 8 24 9 16 29 28 13 18 0 12 9 13 5 7 9 26 5 28 7 12 27 7 1 1 3 12 29 10 15 3 19 22 14 26 8 17 12 1 11 22 5 19 21 14 29 0 21 19 24 30 5 4 3
96 96 0 18 7 24 23 4 20 28 17 19 28 4 20 16 3 21 23 27 14 16 20 19 27 23 21 10 21 22 3 12 3 11 13 27 16 2 19 4 20 23 12 11 14 20 23 18 23 11 17 15 11 5 13 23 17 4 3 24 7 3 19 12 25 8 28 25 5 19 6 22 17 23 6 2 3 19 12 6 21 28 17 11 8 21 6 12 28 25 18 27 23 10 28 14 5 2 16
79 0 2 16 14 10 9 2 11 3 2 3 3 3 2 3 10 3 3 4 6 24 2 10 3 2 4 17 2 3 2 2 22 23 20 15 3 3 6 3 2 2 26 19 2 27 6 2 4 2 22 3 28 3 2 3 6 15 10 30 2 3 13 11 2 0 3 2 2 3 2 3 3 2 2 3 3 3 3 6 2 3
56 11 3 18 26 18 17 23 4 20 23 23 19 4 4 22 6 14 9 16 21 19 13 11 3 21 2 8 23 0 26 21 27 18 28 23 9 4 9 14 17 4 19 12 17 3 6 5 10 18 18 2 5 16 16 23 10 11 21
36 12 7 4 8 11 17 17 12 25 25 17 18 18 15 18 12 17 18 17 17 17 18 18 18 17 18 17 18 17 25 18 19 17 17 27 18 17 3
78 52 8 6 24 8 27 28 5 13 10 20 22 8 15 21 16 23 27 29 26 20 19 14 19 9 28 15 12 10 18 12 24 22 3 19 29 7 16 9 16 21 14 2 2 0 23 3 9 5 7 16 16 28 5 2 11 8 7 19 19 6 1 11 8 21 26 19 0 23 17 27 5 27 24 5 12 4 25 5 6
83 0 10 30 25 6 27 23 5 11 28 6 23 30 26 10 8 26 27 19 9 13 11 0 5 21 25 10 13 24 13 1 26 28 18 28 29 3 11 22 13 10 24 22 17 22 6 19 1 30 18 20 2 6 27 9 6 0 24 19 11 18 1 30 20 26 15 0 9 28 27 9 28 28 7 4 8 0 5 1 17 4 9 23 15 11
94 61 0 24 1 1 18 17 29 22 22 24 7 14 29 20 30 12 28 14 15 24 24 16 23 20 17 22 9 27 0 21 6 22 5 29 6 18 10 3 21 6 1 16 22 2 22 16 3 7 5 1 6 21 14 13 10 16 20 8 25 16 1 21 13 19 19 29 15 3 19 5 5 23 28 22 0 21 14 26 25 9 14 1 19 18 1 10 22 30 26 18 17 23 17 10 8
81 0 0 30 30 30 30 30 30 30 30 30 30 30 30 30 30 30 30 30 30 30 30 30 30 30 30 30 30 30 30 30 30 30 30 30 30 30 30 30 30 30 30 30 30 30 30 30 30 30 30 30 30 30 30 30 30 30 30 30 30 30 30 30 30 30 30 30 30 30 30 30 30 30 30 30 30 30 30 30 30 30 30 30
48 8 3 6 9 6 5 6 15 26 5 6 4 6 5 5 6 6 28 6 29 5 10 5 5 5 5 13 25 11 6 25 6 5 23 5 6 5 12 6 5 1 18 6 10 22 10 7 6 6 25
55 2 6 15 14 15 14 15 6 14 14 15 15 14 15 14 18 24 15 7 3 25 30 21 15 13 14 14 15 4 21 4 14 2 29 14 15 15 26 15 15 15 9 10 14 13 15 12 15 14 28 9 12 0 15 12 25 11
47 0 3 25 26 12 8 22 6 30 0 22 13 29 24 3 0 11 27 24 20 12 12 3 29 20 21 15 9 9 17 26 20 13 18 25 13 13 21 16 5 5 22 30 19 24 29 15 16 20
5 0 4 22 3 29 24 7
30 1 8 6 18 12 22 7 27 6 19 25 2 8 4 19 17 8 4 27 25 9 12 26 8 15 16 5 16 14 17 25 26
21 7 9 2 23 24 24 23 23 24 21 13 17 14 23 23 24 28 24 24 23 23 8 24
32 8 8 21 21 7 28 20 21 20 21 21 20 15 16 20 21 5 0 20 3 20 7 29 20 20 9 5 21 21 5 18 20 19 13
47 31 5 6 10 30 13 24 8 21 28 6 16 30 4 20 15 28 21 26 29 9 22 21 21 15 3 25 11 13 7 19 28 26 14 0 25 4 18 14 30 1 25 30 2 2 1 28 12 20
26 0 10 16 9 12 2 14 2 22 2 27 24 20 1 30 2 14 23 6 8 21 9 26 17 9 30 5 14
41 3 8 20 20 21 15 13 20 20 23 24 7 20 20 20 20 20 11 10 4 6 20 11 21 22 25 8 21 21 12 21 20 20 21 6 21 20 10 1 20 16 2 20
1 0 5 4
27 0 1 12 27 30 18 19 26 4 1 9 25 27 4 15 15 29 25 12 20 20 25 13 10 15 8 11 7 8
24 24 6 27 25 5 20 8 7 3 9 13 7 19 11 23 15 16 4 4 25 7 17 7 7 18 8
77 76 1 4 14 28 27 14 26 25 6 15 13 25 19 26 0 21 10 26 12 5 19 11 8 28 14 16 6 2 9 3 4 11 22 24 20 16 2 15 26 21 2 10 25 17 18 27 17 12 19 27 9 16 6 7 9 16 18 9 14 19 4 27 16 24 9 15 5 3 18 18 19 8 12 4 28 19 4 25
50 9 4 8 8 9 12 13 21 3 13 8 26 19 26 8 2 8 9 25 23 11 8 8 29 17 3 28 8 9 15 28 29 12 10 8 14 9 8 8 8 6 0 27 9 9 1 12 12 15 9 8 9
12 6 10 3 30 5 27 26 30 3 18 26 6 21 17
12 7 3 14 15 7 16 21 29 23 22 30 16 0 13
76 0 7 21 20 25 5 7 23 11 3 14 29 27 14 21 21 6 16 7 2 25 18 30 24 9 30 28 17 9 29 0 18 22 19 23 14 7 1 15 7 2 18 20 26 19 19 19 30 2 14 12 26 29 23 18 30 22 28 30 0 1 23 20 28 14 8 23 9 18 13 18 13 28 24 9 2 25 26
17 9 3 11 6 6 6 6 19 6 4 6 5 6 9 6 5 9 6 6
47 23 7 6 24 10 24 11 11 21 21 30 7 24 24 30 17 8 23 22 29 1 1 27 22 30 4 9 28 14 17 30 3 6 19 15 15 27 12 2 6 18 27 6 28 25 23 0 10 9
64 21 10 26 28 7 14 24 4 27 3 17 0 25 27 26 26 19 25 18 25 26 27 26 22 18 26 8 10 27 26 9 2 11 26 26 27 0 8 13 27 28 5 12 27 20 26 30 30 2 2 2 26 5 27 27 26 20 27 27 26 23 15 28 4 26 26
53 43 4 17 6 15 4 4 24 0 1 28 9 7 20 6 18 2 19 6 27 12 8 19 4 17 4 14 11 15 16 18 13 21 24 22 18 17 4 24 14 9 2 22 7 23 11 3 11 14 24 1 3 8 25 18
15 7 9 20 23 24 28 4 8 22 26 24 24 24 24 23 23 29
76 0 4 21 13 3 8 19 14 2 18 4 24 0 18 8 6 17 30 4 7 13 22 17 2 23 0 27 19 24 12 3 8 10 3 16 22 22 2 23 13 22 11 1 11 2 23 21 2 22 5 30 10 13 0 15 1 10 0 17 2 15 13 12 0 2 3 13 23 9 0 27 9 16 24 17 29 0 19
40 4 3 6 29 5 5 5 22 3 5 12 16 5 2 6 1 5 0 16 6 17 25 5 8 5 14 12 14 19 5 18 5 5 6 6 9 23 5 5 17 17 27
16 0 10 18 27 7 2 10 14 7 27 25 28 20 21 23 6 25 2
68 8 2 3 3 3 17 2 15 3 3 3 16 21 25 2 17 27 2 3 5 2 22 2 3 3 14 3 12 3 3 2 3 19 3 2 3 3 2 3 5 2 2 16 3 8 0 3 3 3 10 30 3 12 8 3 2 29 27 4 2 4 3 3 2 3 3 2 3 3 2
11 0 1 6 17 6 22 0 15 19 10 0 6 1
13 1 7 19 17 18 18 17 13 17 7 18 6 27 13 22
3 1 8 21 23 20
64 17 6 15 22 15 14 30 25 14 11 14 20 14 20 15 0 14 13 24 0 14 15 15 15 14 6 15 15 5 17 15 29 14 28 15 14 15 7 15 15 18 14 24 30 14 16 30 14 19 14 7 27 12 11 14 18 14 21 14 14 15 15 15 15 30 15
13 1 10 1 23 28 22 14 5 21 2 9 24 8 13 7
77 77 7 9 9 4 15 26 5 7 7 8 18 18 25 13 16 8 21 28 19 2 11 4 28 25 20 8 9 27 19 25 3 3 2 23 17 18 20 20 24 18 21 10 2 14 5 18 23 13 9 24 12 23 9 22 20 4 15 2 4 28 22 21 11 28 8 18 22 10 10 26 19 23 15 16 4 18 17 2
43 8 9 3 24 24 24 24 15 9 6 23 6 23 23 24 24 20 24 2 24 23 24 23 24 22 22 23 24 24 19 24 25 24 23 23 24 24 15 16 27 10 16 18 24 23
60 29 0 11 3 7 25 23 8 23 14 16 29 25 6 4 21 17 28 25 1 28 29 0 24 11 5 8 6 14 20 30 11 5 24 0 9 3 8 19 4 7 3 15 0 26 0 5 30 6 18 2 16 28 25 0 23 8 15 16 0 27 16
21 10 1 16 28 7 12 7 20 1 21 21 1 16 21 0 4 28 30 10 19 4 24 5
76 8 6 14 15 15 1 15 14 15 21 15 12 15 12 16 14 20 8 6 21 16 15 15 15 6 14 28 15 14 14 14 15 3 11 26 15 12 29 26 14 26 25 14 10 15 16 5 14 14 15 29 15 15 22 13 15 10 20 15 15 15 30 14 15 13 14 14 8 1 18 15 7 0 15 14 15 15 14
34 0 0 0 0 0 0 0 0 0 0 0 0 0 0 0 0 0 0 0 0 0 0 0 0 0 0 0 0 0 0 0 0 0 0 0 0
69 55 5 27 26 23 3 24 1 11 11 27 23 0 23 21 21 19 1 12 4 14 24 5 27 5 16 2 17 20 28 6 25 12 20 3 1 25 3 12 26 9 19 7 14 14 27 20 7 18 17 26 30 3 20 10 25 17 21 7 29 4 11 29 5 18 18 6 23 20 5 29
98 14 10 26 7 26 26 27 12 6 26 26 26 26 26 26 20 8 26 29 13 27 27 26 26 2 16 26 29 26 27 26 26 27 9 29 7 26 27 21 25 24 14 26 26 14 26 26 27 27 27 26 27 27 27 14 13 26 27 11 26 21 26 26 26 18 26 12 9 26 15 27 20 27 27 13 26 17 26 27 27 26 27 27 0 29 22 23 27 0 26 18 27 27 30 27 26 26 27 26 26
