100
3 1 5 15 13 11
3 0 8 23 22 21
3 0 3 29 18 0
3 3 6 27 7 16
1 0 2 3
3 3 4 3 27 23
2 0 9 24 17
1 0 0 30
1 0 4 9
1 0 2 2
3 3 5 3 8 8
2 0 10 26 29
3 0 4 21 3 6
1 1 4 11
3 1 8 28 21 21
2 0 9 24 23
2 1 8 10 18
2 0 1 9 27
2 1 4 15 25
2 1 5 25 29
1 0 7 18
3 0 10 29 26 26
2 0 4 9 9
2 0 1 0 0
1 1 5 3
1 0 8 21
3 0 6 8 28 0
3 1 2 3 3 3
2 0 2 1 2
3 2 9 4 17 7
1 0 8 1
2 2 10 4 13
2 2 7 25 4
3 0 8 20 20 21
2 2 6 4 12
3 3 5 9 27 5
3 3 3 20 12 23
2 2 10 28 23
1 1 6 7
1 0 9 4
2 0 7 22 17
1 0 4 8
1 0 1 22
3 0 5 18 25 5
1 0 10 14
3 1 9 20 22 8
3 0 6 22 13 18
3 0 4 9 8 9
1 0 1 12
3 1 8 10 21 21
1 0 10 14
3 1 8 12 2 3
2 2 0 23 14
3 0 7 1 17 18
1 0 2 2
2 0 7 9 18
2 0 4 8 5
1 1 10 2
3 0 2 25 18 3
1 0 0 17
1 1 0 3
1 1 7 24
2 0 6 25 14
1 1 2 10
3 2 10 27 26 27
2 2 1 28 18
3 0 7 6 17 9
2 2 10 23 4
3 0 5 3 11 7
1 1 9 21
2 0 5 6 0
3 3 7 10 4 9
2 0 6 14 23
3 1 10 26 4 23
1 0 0 0
2 1 7 17 17
3 3 2 17 23 4
1 0 10 30
2 0 9 27 18
1 0 6 7
3 0 6 29 14 14
3 1 1 10 9 21
2 2 3 3 13
2 0 5 11 7
1 1 4 18
1 0 6 15
1 0 9 11
1 0 8 21
2 0 7 28 5
3 3 1 12 16 7
3 2 1 2 0 16
3 0 4 6 25 21
1 0 10 26
3 0 3 16 5 5
3 2 6 10 27 30
3 2 1 0 4 16
1 0 6 14
2 2 7 3 4
1 0 0 0
3 0 5 4 11 29
