100
8 1
3
20 3
3 6 14
1 1
1
2 2
1 2
3 3
1 2 3
4 4
1 2 3 4
5 5
1 2 3 4 5
63 4
1 2 6 20
23 4
6 10 18 23
12 3
9 10 12
38 4
15 27 29 36
92 1
49
74 3
26 65 73
6 1
3
28 2
6 27
30 4
13 16 18 25
46 5
6 19 20 31 37
88 4
5 37 43 65
4 2
3 4
33 1
21
69 5
2 18 37 59 64
96 1
75
79 3
8 12 38
18 3
3 8 17
81 2
29 70
90 5
41 60 68 70 82
98 2
4 62
100 5
10 28 57 68 98
100 5
7 54 66 84 87
100 5
20 25 29 33 72
100 5
4 20 30 69 71
100 5
9 16 41 50 97
100 5
19 24 46 47 52
100 5
22 56 65 80 89
100 5
1 29 42 51 94
100 5
15 25 35 65 88
100 5
28 44 57 66 92
100 5
33 37 38 52 60
100 5
8 22 29 75 76
100 5
30 36 38 59 96
100 5
12 19 29 44 94
100 5
5 29 30 44 77
100 5
7 14 39 41 64
100 5
5 19 29 70 89
100 5
18 25 44 71 97
100 5
26 73 84 91 100
100 5
6 40 45 55 91
100 5
43 65 70 83 87
100 5
5 8 49 56 98
100 5
12 23 29 44 100
100 5
12 23 41 47 69
100 5
2 6 11 31 62
100 5
6 21 37 45 79
100 5
9 17 23 27 66
100 5
25 38 59 63 83
100 5
1 25 37 53 100
100 5
51 69 72 74 80
100 5
31 32 34 82 95
100 5
61 64 82 97 100
100 5
14 60 69 74 91
100 5
27 41 67 85 96
100 5
37 43 77 85 91
100 5
8 19 46 57 80
100 5
13 49 60 73 88
100 5
10 11 37 43 88
100 5
2 7 14 22 73
100 5
5 20 22 56 100
100 5
6 12 40 41 68
100 5
28 29 51 59 85
100 5
21 23 25 70 97
100 5
31 73 82 85 93
100 5
23 26 51 73 86
100 5
14 41 43 99 100
100 5
10 25 82 91 99
100 5
20 33 37 56 95
100 5
5 70 74 77 80
100 5
43 51 56 61 80
100 5
6 22 68 85 94
100 5
5 14 27 55 62
100 5
3 7 45 60 85
100 5
22 29 43 69 90
100 5
9 37 59 73 99
100 5
4 9 34 49 54
100 5
34 49 55 68 91
100 5
1 30 47 69 89
100 5
4 34 50 91 98
100 5
54 64 87 93 98
100 5
26 53 76 89 97
100 5
15 30 37 58 61
100 5
5 22 28 29 61
100 5
3 49 51 57 95
100 5
3 40 44 98 100
100 5
1 4 29 48 82
100 5
35 36 39 52 60
100 5
5 16 28 40 93
100 5
30 44 50 65 86
100 5
1 36 39 72 78
100 5
50 68 89 90 93
100 5
30 44 45 91 96
100 5
27 41 42 70 83
