1000
97 395
21 197
12 565
77 478
178 719
163 658
150 606
27 244
59 917
90 555
152 305
382 765
115 231
155 311
9 19
1 1000
359 719
359 760
81 501
81 500
81 502
81 637
491 984
30 126
30 125
30 127
30 192
288 577
288 675
183 367
183 632
314 629
314 930
41 83
41 116
226 453
226 466
144 289
144 498
246 493
246 965
130 261
130 476
74 149
74 215
144 582
144 581
144 583
144 846
100 828
100 827
100 829
100 943
153 307
153 417
154 939
154 938
154 940
154 990
100 828
100 827
100 829
100 965
163 327
163 499
288 577
288 594
195 391
195 663
32 450
32 449
32 451
32 466
247 495
247 878
253 507
253 774
258 517
258 704
72 294
72 293
72 295
72 311
1 36
1 35
1 37
1 43
139 562
139 561
139 563
139 695
14 185
14 184
14 186
14 216
25 690
25 689
25 691
25 724
115 705
115 704
115 706
115 934
243 487
243 648
342 685
342 747
89 362
89 361
89 363
89 505
340 681
340 724
182 365
182 711
25 603
25 602
25 604
25 684
214 862
214 861
214 863
214 914
66 411
66 410
66 412
66 495
204 409
204 530
208 417
208 778
305 611
305 623
46 291
46 290
46 292
46 345
49 904
49 903
49 905
49 930
255 511
255 836
81 330
81 329
81 331
81 413
157 634
157 633
157 635
157 757
13 450
192 774
192 773
192 775
192 793
28 325
28 324
28 326
28 384
153 933
153 932
153 934
153 947
121 243
121 267
45 495
45 494
45 496
45 601
1 136
1 135
1 137
1 150
356 713
356 871
378 757
378 921
157 634
157 633
157 635
157 636
175 706
175 705
175 707
175 857
293 587
293 792
103 633
103 632
103 634
103 851
95 788
95 787
95 789
95 971
86 716
86 715
86 717
86 763
152 614
152 613
152 615
152 871
76 636
76 635
76 637
76 753
214 429
214 767
368 737
368 977
103 207
103 384
30 600
30 599
30 601
30 619
214 429
214 842
195 786
195 785
195 787
195 860
124 249
124 399
131 530
131 529
131 531
131 637
291 583
291 895
174 349
174 376
179 359
179 565
230 461
230 576
70 906
70 905
70 907
70 997
184 369
184 642
199 399
199 730
174 702
174 701
174 703
174 752
85 708
85 707
85 709
85 775
54 460
54 459
54 461
54 509
442 885
442 931
378 757
378 761
208 417
208 727
272 545
272 868
251 503
251 670
226 453
226 587
185 371
185 474
148 297
148 580
174 349
174 644
10 901
10 900
10 902
10 917
195 391
195 409
164 329
164 445
37 75
37 87
19 129
19 128
19 130
19 178
236 473
236 917
28 402
28 401
28 403
28 478
46 505
46 504
46 506
46 555
127 255
127 303
183 367
183 669
228 918
228 917
228 919
228 920
48 526
150 605
150 607
150 909
146 589
146 591
146 862
456 948
18 342
18 344
18 383
353 826
170 685
170 687
170 934
66 410
66 412
66 440
245 700
263 819
264 851
18 792
18 794
18 804
293 841
272 686
107 261
340 812
47 193
47 195
47 254
37 153
37 155
37 218
342 714
137 324
204 821
204 823
204 939
158 334
20 844
20 846
20 893
12 494
12 496
12 537
191 482
17 685
116 469
116 471
116 522
90 234
214 861
214 863
214 903
169 681
169 683
169 993
152 613
152 615
152 844
16 440
16 442
16 469
279 592
48 302
48 304
48 361
153 932
153 934
153 962
128 782
128 784
128 905
410 990
30 692
30 694
30 785
17 853
17 855
17 859
296 928
161 541
235 697
62 809
62 811
62 853
4 84
4 86
4 103
248 818
169 589
67 869
67 871
67 927
355 786
249 867
394 964
67 869
67 871
67 916
255 692
124 758
124 760
124 796
43 175
3 101
3 103
3 129
49 308
49 310
49 328
132 535
131 436
74 784
74 786
74 866
412 888
344 707
89 240
55 225
55 227
55 323
433 911
80 667
80 669
80 750
345 923
205 825
205 827
205 920
40 872
40 874
40 977
174 460
204 821
204 823
204 915
233 522
344 868
12 368
12 370
12 405
104 859
104 861
104 943
281 950
126 509
126 511
126 742
70 285
70 287
70 413
274 827
50 205
50 207
50 313
319 802
289 992
113 457
113 459
113 633
57 233
57 235
57 258
364 933
347 958
61 237
2 859
2 861
2 888
233 788
300 617
90 365
90 367
90 430
130 525
130 527
130 629
210 740
27 551
27 553
27 555
53 967
53 969
53 996
345 716
118 452
152 423
88 542
88 544
88 629
23 152
23 154
23 158
208 583
203 677
214 633
107 656
107 658
107 764
385 799
316 785
151 346
226 909
226 911
226 931
410 833
45 839
45 841
45 944
17 328
17 330
17 336
307 703
27 176
27 178
27 190
333 730
14 184
14 186
14 232
20 937
20 939
20 971
76 924
149 610
100 448
182 716
372 843
74 716
343 925
332 843
174 952
27 299
234 862
160 329
425 890
148 996
310 755
378 769
77 232
22 819
136 715
307 948
177 793
85 766
24 435
351 1000
260 529
65 746
55 141
154 873
249 914
67 649
407 840
408 948
221 774
210 907
127 774
64 573
380 871
218 715
148 751
112 792
74 916
141 829
209 785
51 827
64 974
284 997
159 576
183 906
182 812
42 259
104 614
11 141
126 851
22 196
99 817
24 135
353 843
41 228
206 881
48 684
6 723
161 367
18 762
83 213
412 991
60 614
24 480
376 780
234 611
95 466
138 465
206 682
99 876
82 731
329 711
7 358
401 908
210 600
399 872
143 557
216 728
163 518
249 905
146 657
362 917
69 802
54 450
38 791
239 985
228 801
464 945
39 568
322 870
213 963
154 367
105 436
73 572
47 691
60 794
140 876
57 334
198 537
392 886
68 247
3 261
86 697
139 625
89 975
12 200
142 325
312 776
337 912
97 311
220 962
281 813
16 591
361 846
98 928
295 706
61 607
164 547
45 579
29 671
205 414
248 939
213 699
128 701
242 636
270 655
91 500
114 488
30 451
330 677
311 648
268 589
142 298
281 1000
235 524
44 295
79 953
223 836
96 292
71 936
177 790
4 737
220 890
116 568
55 487
358 894
175 898
102 298
39 208
239 584
167 799
64 361
130 425
26 264
482 973
17 363
234 747
276 638
35 170
107 510
29 653
15 154
201 700
102 824
91 708
94 703
18 43
49 493
131 894
140 753
31 572
24 135
71 328
286 830
281 600
96 246
64 421
215 953
277 831
241 935
4 658
59 830
119 416
19 876
267 988
15 126
256 994
195 882
316 693
188 448
269 800
11 864
112 250
176 884
199 916
196 668
251 762
42 917
371 859
4 41
50 877
40 649
32 259
191 683
361 814
270 923
80 506
43 788
305 972
100 890
91 522
20 944
149 369
227 940
324 742
114 467
240 541
41 712
47 645
292 668
11 257
159 663
342 785
295 947
45 406
355 933
344 717
47 497
92 424
305 676
62 806
62 824
160 918
227 900
41 272
189 816
177 919
320 681
271 693
241 979
6 160
78 160
252 678
121 276
245 918
32 388
59 193
292 947
197 662
158 540
211 525
21 175
78 999
364 807
23 301
49 767
266 656
29 780
151 886
134 890
311 838
287 650
89 513
167 511
2 745
323 708
302 675
317 849
105 821
112 685
319 737
263 817
281 676
152 870
48 961
158 727
257 876
6 946
38 963
193 662
209 661
3 285
55 798
24 555
351 802
279 756
39 228
268 543
414 912
238 509
247 951
120 418
187 767
108 708
86 743
4 86
236 676
214 751
275 992
14 743
33 269
51 234
129 496
33 316
91 863
100 935
110 460
341 908
233 705
267 911
112 499
102 280
30 950
108 397
130 718
53 396
44 440
3 642
120 982
225 662
259 857
411 842
89 332
146 904
133 379
320 726
104 243
266 862
36 971
47 813
225 981
139 912
294 956
41 328
263 660
90 803
79 677
174 627
76 199
71 323
220 682
249 635
58 579
262 635
214 556
56 751
316 748
31 746
88 277
87 934
38 92
236 967
44 634
4 130
194 888
82 650
218 732
435 947
60 573
232 685
43 324
286 718
201 609
308 985
7 871
111 581
211 573
124 805
379 796
268 581
7 258
143 309
60 465
277 943
125 609
70 583
99 939
94 458
206 581
129 373
14 72
95 203
19 804
209 445
214 496
297 853
67 559
272 888
438 976
20 746
137 939
256 966
289 971
182 492
154 827
78 800
402 836
166 838
247 918
7 231
319 906
11 81
65 717
158 665
99 282
164 749
146 983
133 382
31 166
342 724
53 670
8 932
111 950
430 974
181 713
164 480
291 917
291 735
55 893
67 338
117 800
64 201
160 927
267 961
234 701
160 961
176 979
8 877
237 863
189 572
110 867
45 524
429 951
259 989
392 920
228 669
234 516
411 862
111 356
205 634
12 563
200 620
298 608
217 851
199 568
325 865
208 740
45 375
207 906
191 845
218 857
106 361
200 460
287 844
71 713
162 775
231 906
34 576
138 906
181 395
86 877
347 791
318 985
399 949
