20
3 4 5
2 1 5
307 1596 9794
3437 2882 1776 3283 2681 3554 3838 2119 4170 249 1288 1386 4770 2951 206 2589 1404 1037 3471 965 3253 4752 1579 4941 1827 3108 4233 3372 2677 331 297 2599 1557 1805 4015 449 1790 769 3364 2766 1662 641 4331 1983 3225 3435 1885 3040 3255 3708 2042 1022 2915 2520 3405 4108 2809 3740 4346 3964 3388 4229 2382 3834 4569 4673 2395 1012 4131 4466 1999 1198 3060 3699 256 691 4252 2547 4374 3093 89 2151 3948 541 4300 1276 1437 2062 227 2514 3167 220 2145 4692 4959 3058 3014 2795 3433 705 1972 2994 1865 4541 1847 237 4587 4872 4856 3619 3955 482 3943 2370 2866 3992 1602 3297 1191 4945 1166 3768 1421 984 2312 3860 1654 1916 2689 1440 4652 2483 4156 3349 647 1420 1653 3617 1505 4036 2112 3350 2058 4689 1427 705 4864 1274 1417 4147 2214 2735 772 2420 4352 37 3271 1691 3441 4218 3509 2658 3977 3742 3816 2630 510 3586 850 1533 701 4011 945 2656 3717 4062 1339 2704 1441 80 1287 3980 416 3429 123 1872 2219 718 431 3498 4682 1992 3270 254 3699 503 3268 3018 1112 2690 2720 1043 3667 1783 3663 2030 249 1791 3074 1939 4001 4244 3630 2187 528 3831 2582 4218 4914 2791 1039 2239 3766 2788 704 1553 3142 513 1435 460 4618 2839 2052 3041 2976 3238 2414 939 3234 270 1324 4774 1173 1524 1235 986 1753 3785 3593 4549 2113 4340 4337 78 1497 2912 2615 2381 2919 4672 3458 1881 3448 1430 947 4034 176 2091 289 4980 2836 4745 2806 4133 2968 2772 1377 3053 2200 4598 3560 3780 4437 3482 226 3747 2847 41 1663 1024 4513 3192 1477 1916 3134 3859 3752 593 3845 2538 1700 3829 2971 1689 618 980 2382
12 2974 5554
3641 4836 3363 1866 4660 2232 3315 2900 2099 4290 4994 581
346 1884 3686
2613 2304 881 4506 2245 653 683 4094 2704 3275 86 3048 1847 4840 4562 990 3816 401 2111 1694 2970 1291 1230 719 3888 2563 1757 4588 3127 3646 3685 2669 4070 738 3537 1680 4417 3523 1244 2981 4066 2777 631 1631 3437 4663 1511 2126 2173 1719 1927 4017 56 1776 2135 1304 852 1345 2281 3008 2909 3896 1059 1112 2005 2523 1790 2168 1006 976 4002 3026 2615 2184 3844 704 1896 477 645 133 3555 4005 1280 1640 961 2279 1855 1194 4974 2218 4634 2065 99 3620 2550 1669 3470 1424 3310 4271 2704 1817 3417 3714 4763 1955 280 2353 53 2529 3817 3744 3805 2816 468 143 2529 3883 3570 2257 4690 3832 3021 355 1797 1591 4905 2775 2646 3771 685 4392 891 793 4829 2888 2106 1318 3503 2502 3256 1509 2863 3099 87 453 3682 187 2555 2560 3180 465 466 792 2958 2210 1622 4405 1727 3940 4792 1714 1166 2400 858 1789 3193 1930 448 892 2005 1329 1116 2853 1179 210 1030 4902 1939 2063 3868 4691 1536 1045 1707 990 4624 851 4538 233 4894 4318 1087 1959 93 417 4433 2352 835 4322 1330 1139 1143 4616 3230 1758 3201 3680 1116 4249 4685 1479 4128 648 4716 1866 722 1567 1607 4449 1975 280 1544 2274 4169 4415 1175 929 718 31 3997 2141 306 4934 1505 4574 570 587 3893 987 4239 4184 4684 3552 1538 1098 890 244 1114 3965 3471 1112 4599 173 3882 3412 370 2271 2335 3188 3387 2750 2724 4991 974 3673 3366 1200 3147 1593 1138 3533 553 985 1690 3973 207 2854 1719 2703 3367 4782 198 4893 2151 4061 3608 1479 4540 1026 2601 3116 4757 2344 2933 100 617 4800 3394 688 2127 2844 4902 1155 608 1238 2950 1218 3715 3255 3047 3974 4317 4892 1261 2475 3634 123 918 3152 1988 723 1730 1927 4655 377 4234 1623 1727 159 2441 3148 3079 943 2531 3993 1015 4333 3817 1211 2105 3282 2822 2598 4632 2077
10 1000 1000000
1 2 3 4 5 6 7 8 9 10
41 2270 8443
3206 892 820 3749 4627 2236 2596 2057 2477 3387 2928 4221 2663 2332 4398 3959 760 4588 892 2841 379 1831 3332 443 694 695 561 3271 2388 3680 1290 1886 4055 526 2439 4216 4734 896 332 209 78
410 773 1250
1847 1567 2464 2648 3768 2940 777 2663 3320 1394 1516 3888 3076 1737 3592 2539 2068 4727 2067 86 1758 1138 2508 1982 2269 4621 858 388 4311 2658 1654 2569 3341 2828 1514 624 1611 4456 1109 3062 2423 1176 3471 4648 1606 1875 662 3154 3066 485 2444 3495 72 774 4911 3978 3541 4561 4256 4080 3529 19 1239 2591 1900 86 403 1551 116 2714 4128 3732 4233 4799 1257 3541 3952 1185 397 3868 2259 799 3917 3634 449 2922 3371 3239 2082 3343 4079 154 4035 4658 2339 1259 4968 1447 2326 3787 847 2197 3526 2972 2561 3354 2318 3619 3812 1421 2935 2390 3251 908 1515 3603 687 3626 1101 2639 566 4764 4907 2776 4554 2609 221 704 1221 3548 4568 1710 1888 1519 4075 2666 2467 1654 3963 517 3334 3717 4466 3507 2350 3134 2730 2438 4084 1611 3511 1168 1215 60 2618 3789 2506 38 217 3434 1496 3873 684 2606 3715 4772 4203 1531 3700 1510 1436 721 1260 4907 1376 1432 1433 1426 4301 967 205 3056 1550 3270 2009 2515 4182 3060 1118 4268 4075 230 932 1137 4103 4053 707 3638 1899 539 1086 3600 3548 2209 3105 141 4951 3640 3343 684 1608 3962 1246 3325 4558 2780 1838 2788 659 2123 4084 119 2511 4503 1197 1785 3484 952 3773 2090 4973 4532 2072 421 2135 2835 2096 1983 601 3439 1117 3775 456 1611 4074 4614 3523 2462 1572 971 614 508 806 4723 1449 2114 1223 1028 2608 4947 4557 1437 1414 484 3371 3252 4890 4729 134 4571 3332 1202 4613 3752 3761 2285 4766 4735 4801 4489 1478 310 2130 1452 4601 3996 4590 4946 1671 943 3375 3890 4815 4714 4634 1663 2069 1263 1073 1160 1390 1166 979 804 3805 1458 4966 982 1519 2636 1941 576 3208 1167 1196 2463 4320 4071 1832 1955 1016 4742 3868 1409 3726 3725 3269 1423 425 43 2079 1460 3766 2029 1513 3250 824 1578 2436 944 2222 3706 2969 2656 3831 4490 855 1201 4745 199 1324 3722 902 117 2643 2460 4968 3130 4116 3451 2827 1212 3409 4881 24 1219 292 4151 427 4484 166 4072 1490 1811 378 3612 3326 2821 504 2574 3102 1431 2366 2714 3526 1871 3081 3983 775 4477 4617 804 103 3045 1618 4411 1097 619 1367 815 1104 4763 3401 3163 3158 3013 1981 4088 4001 258
1000 4717 566231168
12000 5000 56000 52000 98000 31000 85000 28000 28000 38000 85000 86000 17000 10000 66000 79000 7000 85000 37000 22000 21000 25000 39000 61000 28000 7000 96000 79000 3000 61000 38000 25000 16000 85000 60000 94000 24000 36000 99000 25000 71000 25000 95000 57000 32000 1000 77000 53000 22000 83000 47000 81000 68000 92000 56000 24000 34000 39000 68000 5000 92000 8000 86000 27000 95000 77000 31000 96000 40000 47000 7 46000 2000 7000 8000 6000 42000 13000 65000 1000 35000 15000 13000 28000 75000 26000 72000 81000 62000 39000 79000 12000 70000 54000 34000 17000 89000 89000 94000 33000 41000 24000 21000 23000 21000 93000 55000 7000 46000 5000 87000 13000 10000 55000 75000 43000 38000 58000 4000 47000 6000 5000 14000 12000 88000 55000 23000 24000 60000 40000 26000 74000 50000 76000 76000 68000 6000 88000 12000 6000 10000 86000 8000 23000 25000 35000 65000 70000 78000 25000 68000 67000 15000 25000 99000 83000 86000 7 51000 42000 34000 20000 90000 78000 51000 40000 67000 49000 68000 83000 64000 62000 71000 79000 27000 57000 82000 50000 20000 25000 89000 6000 89000 52000 68000 38000 11000 77000 72000 97000 3000 61000 63000 86000 81000 38000 47000 45000 65000 11000 78000 57000 59000 88000 22000 96000 81000 39000 18000 31000 75000 64000 23000 50000 20000 89000 82000 91000 7000 4000 61000 16000 44000 27000 2000 91000 4000 84000 39000 64000 95000 1000 77000 98000 10000 68000 60000 71000 20000 7 13000 62000 18000 36000 58000 10000 64000 78000 85000 83000 3000 87000 94000 67000 40000 54000 58000 67000 67000 67000 40000 87000 19000 84000 87000 29000 69000 84000 40000 86000 29000 57000 41000 67000 34000 29000 22000 13000 21000 19000 60000 9000 87000 49000 87000 55000 66000 72000 3000 38000 44000 75000 67000 32000 37000 51000 55000 59000 10000 65000 88000 34000 2000 11000 10000 83000 74000 88000 47000 85000 29000 2000 79000 28000 59000 19000 68000 13000 9000 49000 64000 4000 94000 9000 3000 86000 55000 31000 20000 12000 44000 50000 89000 81000 7000 86000 30000 13000 17000 5000 28000 88000 22000 67000 4000 46000 66000 30000 20000 33000 85000 70000 50000 63000 43000 88000 83000 63000 36000 12000 29000 82000 1000 11000 10000 65000 49000 17000 19000 91000 59000 63000 51000 51000 7 20000 64000 80000 55000 30000 28000 78000 52000 65000 68000 93000 18000 57000 15000 71000 34000 70000 61000 76000 31000 80000 60000 89000 50000 92000 94000 15000 7000 76000 66000 46000 41000 59000 75000 20000 71000 77000 26000 88000 65000 15000 90000 14000 56000 82000 81000 34000 78000 39000 41000 3000 54000 75000 28000 89000 18000 4000 77000 18000 19000 27000 21000 42000 45000 16000 4000 48000 51000 48000 17000 13000 45000 9000 48000 32000 7000 62000 64000 62000 58000 15000 82000 6000 51000 7 22000 30000 21000 15000 33000 17000 68000 85000 41000 12000 93000 25000 81000 91000 84000 71000 64000 98000 28000 75000 92000 77000 40000 60000 67000 61000 73000 43000 26000 2000 76000 33000 9000 85000 35000 25000 63000 46000 12000 71000 96000 83000 96000 1000 17000 59000 30000 14000 53000 45000 22000 66000 44000 50000 27000 36000 84000 32000 35000 37000 17000 8000 70000 2000 51000 35000 61000 3000 30000 73000 9000 91000 47000 83000 28000 92000 20000 18000 42000 2000 99000 67000 77000 29000 19000 40000 80000 14000 27000 2000 3000 49000 70000 78000 62000 75000 97000 35000 8000 77000 96000 90000 63000 32000 40000 34000 2000 71000 72000 2000 49000 84000 92000 95000 58000 73000 66000 7 33000 38000 43000 20000 35000 13000 12000 53000 58000 95000 32000 46000 48000 50000 21000 37000 77000 15000 50000 48000 81000 78000 45000 35000 32000 7000 90000 45000 78000 96000 55000 79000 61000 73000 71000 40000 85000 2000 97000 66000 71000 3000 86000 81000 6000 54000 35000 13000 74000 27000 33000 90000 22000 60000 89000 48000 54000 44000 88000 11000 98000 48000 73000 96000 76000 69000 4000 21000 96000 15000 39000 58000 10000 71000 31000 58000 66000 21000 18000 54000 3000 70000 35000 55000 19000 7000 99000 12000 49000 54000 57000 12000 60000 65000 6000 32000 63000 94000 5000 75000 76000 84000 48000 33000 76000 17000 8000 98000 33000 26000 42000 49000 19000 17000 51000 78000 37000 1000 61000 69000 92000 74000 46000 42000 64000 42000 59000 4000 89000 3000 84000 76000 24000 59000 90000 78000 37000 54000 55000 43000 76000 69000 86000 48000 97000 27000 70000 61000 90000 18000 89000 52000 14000 10000 51000 58000 94000 49000 32000 41000 7 14000 5000 42000 60000 26000 33000 19000 45000 89000 98000 72000 14000 55000 9000 37000 97000 63000 33000 38000 79000 3000 61000 74000 9000 2000 7000 26000 45000 91000 3000 16000 1000 4000 93000 7 60000 75000 11000 22000 78000 81000 81000 85000 27000 48000 37000 44000 73000 65000 56000 27000 53000 46000 78000 2000 15000 42000 44000 99000 12000 53000 41000 53000 49000 82000 75000 22000 94000 84000 63000 59000 62000 51000 88000 21000 79000 1000 22000 90000 23000 83000 34000 78000 73000 27000 6000 94000 32000 74000 40000 6000 77000 24000 36000 62000 47000 82000 36000 68000 11000 66000 76000 18000 28000 79000 59000 60000 18000 25000 89000 70000 71000 50000 3000 82000 19000 31000 2000 1000 23000 11000 69000 57000 28000 61000 66000 70000 18000 92000 15000 79000 6000 46000 75000 38000 70000 86000 36000 41000 72000 72000 51000 38000 46000 2000 31000 42000 58000 67000 3000 93000 2000 55000 40000 52000 92000 62000 11000 69000 79000 70000 57000 10000 4000 97000 79000 78000 28000 94000 17000 64000 99000 96000 28000 41000 17000 99000 19000 37000 62000 5000 70000 21000 29000 89000 74000 34000 19000 55000 10000 55000 67000 36000 94000 96000 33000 78000 65000 29000 71000 68000 89000 26000 24000 29000 22000 71000 58000 96000 39000 11000 50000 50000 94000 71000 28000 87000 29000 40000 73000 82000 80000 28000 93000 1000 82000 47000 88000 33000 63000 52000 70000 54000 55000 56000 25000 12000 59000 93000 9000 87000 95000 27000 32000 21000 70000 68000 73000 5000 70000 95000 32000 12000 69000 12000 97000 25000 14000 19000 54000 25000
124 239055449 242333077
60413 90742 71213 41046 11313 64012 53518 93804 7907 90067 17123 11409 95999 52021 67191 47373 8187 46264 33464 89819 41384 93728 93742 32901 33211 13162 12338 76522 78770 89113 19500 18428 5701 95950 74125 5126 23819 34768 20869 93386 74854 13323 34786 44169 28172 46612 86983 46396 49842 75083 41348 98463 71831 61241 11543 88429 779 16953 45023 34695 12347 64723 68089 80269 28889 60835 52058 67087 51276 51544 39495 58653 38897 9561 12083 64475 76141 98754 48886 43888 98096 66188 21543 69182 29223 8490 86230 88844 70431 91535 55112 99742 97233 30349 38928 60486 57486 35961 58951 83316 39464 46123 21415 9161 57882 28737 95050 64905 28853 63170 87002 49935 7337 73248 80148 52154 52652 29175 7550 60197 62282 92466 19969 20661
1438 458390361 964991271
29294 61621 14086 73681 7596 45289 56495 92146 10038 47930 21933 4249 54718 87658 90498 63659 81669 53197 66531 45550 88649 41551 77168 68220 16650 50581 9774 31507 7354 44699 28675 64394 89089 4061 20270 15070 69642 27249 9856 54795 19182 69009 4027 13558 75547 81175 11429 12615 79648 14690 26953 30452 68312 9397 93226 60216 9168 47966 72357 47970 11383 17075 72962 2250 69825 35096 15670 20766 75095 1406 62073 12251 31423 14245 82527 96887 61092 81186 49749 32667 94914 32636 2233 91790 6128 80976 32694 93325 30922 18965 73947 69207 47097 74458 3415 75460 1890 8203 46452 79893 54952 26578 87981 22534 99774 41337 95660 42464 90669 54222 73380 31372 48542 88416 10280 45346 22917 94534 91143 30719 83787 26463 64805 32469 45654 29204 58551 46524 22391 27577 50042 73702 3055 69650 49936 84144 2911 65970 17688 56277 29291 6655 30345 56925 54346 54226 39307 71954 6508 91322 96466 59347 19592 50304 90839 1889 46049 43493 12501 19415 42197 66823 59101 39126 26114 17314 48151 1118 2101 61556 90037 63161 36112 15417 30261 58098 4503 11829 64916 85123 24664 65200 20265 71532 25973 59227 37189 22175 78702 61232 35141 46359 7311 68504 88881 74025 62228 19111 84885 16627 565 22465 58393 17746 49490 80192 29566 6031 85852 52013 48536 5593 10141 34572 2947 65902 40293 20980 52451 20370 96562 28571 28732 38467 67483 99089 25898 34755 26105 70883 45950 65748 72883 56480 6614 79650 26948 33240 42136 94553 57963 38719 62795 37496 59695 7409 34321 72989 749 57840 73349 6304 15679 46729 95469 71068 55499 72181 49052 26376 6437 98715 41351 94883 96834 89779 51329 94766 12698 50565 26582 53299 12825 23055 51073 4291 5218 1317 84394 34750 56352 23955 11807 55691 88843 9662 97901 76552 4531 23369 88539 34235 20781 32340 16067 84006 51511 17502 82415 93625 41832 55307 97068 72066 43481 1856 12109 33471 31531 89387 36831 76052 95859 28096 28004 6392 68553 43231 1199 80970 29001 86065 80731 99137 89891 44432 54567 53792 90821 34150 11314 77609 24899 40718 57967 54312 47104 93431 69733 1040 33596 19335 72614 9956 6650 59996 98538 88267 35757 45550 75591 48262 43486 73680 79087 33886 22397 81269 51686 90038 10305 91311 36319 22240 32669 99826 82162 98251 69730 77975 34940 77594 54987 56541 74610 73328 48777 63978 70563 68071 72651 26960 64298 48129 43273 57130 61037 81525 82445 41029 79125 87563 93119 6300 95562 51971 12236 76571 29545 43567 83538 51397 18501 97696 96587 369 82328 76126 60851 97935 9156 91474 46519 4009 24203 47869 22940 36100 56295 67788 18633 78054 20199 29635 98387 25169 71558 33941 72483 38093 23625 23702 58629 27460 35925 65448 41136 28167 16651 81009 30157 25135 34434 9294 39526 23869 70399 98945 93068 87394 73042 42405 59557 87450 31024 48514 28720 7699 83465 72156 46166 86733 19270 71206 49103 38873 13889 34292 82606 23235 54752 65806 61898 5836 31759 15328 56842 28304 7929 9134 82157 56103 61891 34757 37939 32007 86309 27181 23755 99462 30886 8058 57849 27773 14098 28642 55395 1160 21723 21129 18585 17897 74986 63479 63616 5389 19008 70284 29785 13479 67405 45898 2066 93048 92172 78256 12200 400 20761 80295 30967 23981 25392 70580 70337 73122 14532 59726 88342 10068 71672 12906 65734 4190 51965 70483 24960 4020 74345 20949 80934 27428 78768 23448 37040 65848 84258 16361 69433 56760 69569 23508 22633 31149 89948 47054 47648 37216 12781 623 56668 69057 76908 72925 40136 55876 7150 14371 67361 53925 80798 68992 66021 34444 47029 71964 74234 18156 56089 97462 25817 5189 55440 25784 86293 63849 13343 40076 18508 85212 4035 97000 88904 97492 43723 41508 40594 89152 5840 57100 87157 5349 35122 22417 81578 15235 17105 57818 59717 631 21957 29369 88315 12922 91066 99128 65135 31782 21579 59697 89080 71512 96345 44765 80623 38097 8905 67204 47770 49142 95224 73939 83089 49144 59003 27468 29226 97518 42519 34999 48805 68318 41977 93751 50294 13850 28148 53079 19050 36199 22517 68866 68791 48825 26116 18450 25157 12411 56569 99649 95443 491 88825 19003 97384 8193 70764 32245 13015 93455 90363 63894 10798 17060 21931 50995 32059 21643 72785 21209 68314 52785 30993 31491 128 2148 68183 52332 53277 55382 49361 16734 21138 80225 24711 82761 90255 63556 26712 1839 62599 65644 17426 28572 46291 33486 63790 88659 69791 74160 29190 19683 61717 47207 21907 46456 83268 49499 35143 92846 23660 85383 39108 7777 7113 69181 37399 1568 9754 29478 41237 75871 18381 83591 68112 72363 77129 85919 52149 13177 51287 83693 77062 59576 41773 50702 27311 613 53752 4068 85735 71036 53126 16882 40901 41932 33422 9348 36220 26468 62332 63115 41941 99561 78973 57798 39751 95465 14339 96156 38518 79498 14549 73222 60933 74908 48855 1034 43225 58669 38641 19457 57067 11707 66846 43130 37577 65572 4980 23416 64683 62265 97002 6774 70829 28017 45227 98923 40781 41914 64118 17577 30691 69642 62383 49311 80472 89971 42534 25246 67876 70165 290 27160 7784 80846 39273 12452 13029 93708 57998 80254 31703 80323 39256 95692 87825 69466 71851 38204 77942 12096 97334 45065 27153 39996 56184 61020 23570 82242 94543 73326 31430 17121 24031 28203 81297 569 83963 72659 50507 15914 89491 46235 25716 52583 53050 20336 51157 70890 19378 87419 58357 97345 73430 13024 58452 82950 5604 46401 20520 86476 80710 59071 38897 7701 44412 73248 49147 6112 37895 76364 76112 83712 49780 47889 49719 93896 39971 32231 18317 42595 30066 45646 510 43840 25963 27091 8192 93738 43080 63122 71789 28981 11806 70101 55483 79732 80749 13210 58073 50216 27394 56306 34568 74099 90790 22310 71891 89099 13639 6196 9421 72362 18625 94616 41862 2113 4425 65702 4521 98797 55862 43155 96885 66594 30668 81299 23350 66596 43942 9404 4383 16852 28543 41450 57351 36423 44638 76988 80797 13939 78588 80700 71017 64066 6994 40860 79264 5865 94051 33596 93123 40274 39396 95112 58709 25014 48228 8477 35287 22023 7324 26796 15810 35176 23668 12279 83232 15392 92590 4697 90760 91683 84372 52739 36884 16817 37465 13760 80225 70971 24622 85177 48002 40287 22660 32533 7104 74549 78521 98168 90738 60097 43105 37709 91477 99049 5138 13214 52937 8385 46092 26048 17224 58050 51459 69067 72932 59385 46219 59431 48987 74747 89950 12387 27289 35798 396 66174 83435 54275 79904 35624 25083 99448 41099 92291 65709 21370 75248 36931 23509 97007 67211 1556 34994 12753 37759 37371 843 43391 86266 41461 81701 18926 76487 59035 21566 9596 86351 54951 24233 84549 93357 31088 72230 59118 45869 50385 33725 79519 5984 49449 54903 98478 35743 38683 59290 46678 27865 33781 60543 40839 23388 19245 36145 42070 31548 28583 94371 44725 87874 20884 78702 46174 7123 16725 16807 9576 72379 10973 11866 59132 84183 3476 1829 71138 41277 35672 5906 86484 13896 32221 78450 18644 81475 2357 30803 48409 58897 2027 46046 89477 88951 57289 25295 76850 81959 74650 94130 73514 92906 39498 14422 23574 80105 43465 45105 27214 18135 20366 76080 18608 62558 44568 43737 82923 30053 80624 40255 18811 39483 67466 26369 45839 69060 50027 49312 38053 4605 77508 32602 63544 33260 90876 30408 65392 32201 80684 40848 97816 5283 23939 55048 96108 10288 66282 94152 32977 2965 30242 48842 56414 92110 41545 81217 19448 79515 73756 90643 31900 50920 7318 43893 40758 9463 12151 65985 67118 93675 78240 80246 70594 87476 86074 17069 4782 77330 51094 53235 19623 59239 62895 89960 61576 30334 88108 17202 42052 73874 88673 16062 37498 26301 54165 19061 90055 88190 62847 54135 42165 93349 55177 48919 48816 88414 25879 60499 50489 91639 72929 80878 80532 75120 50907 7147 12540 39166 8598 67624 90071 95836 59423 10709 64580 86831 25861 76240 67280 89557 58360 97278 21544 72777 84173 62279 81224 32565 62494 65679 69266 66324 16878 42573 94363 45570 79050 17162 37055 15299 33451 90871 73780 53901 88952 81547 92028 64756 41225 96024 14069 62736 2118 93481 555 23212 8301 2362 47884 8045 66835 86644 9596 86909 75649 73763 97439 33299 54144 96726 42548 63617 16048 72019 75425 2586 12913 59892 60168 78462 46917 41122 91673 52963 6189 77388 49538 82465 35055 79716 14946 28986 12089 43638 72059 52133 56832 62886 17349 59958 10497 85733 71839 18859 27656 5936 21472 79573 90767 15909 27819 63137 50590 96418 69922 10562 67953 13916 70130 97021 14839 96761 30924 20977 77366 18634 68307 40929 11980 29513 36369 95807 53009 83307 80932 76406 56824 18177 22038 47540 70004 92305 17706 53234 32311 46124 49618 71234 33334 4780 60862 94996 31304 87148 91886 67621 42541 37188 55657 49284 45708 55775 6406 91554 67188 74778 76935 66454 75172 65500 44454 24618 52742 62573 10280 32773 52182 4052 21838 49430 50688 31440 48394 89753 43463 54707 95342 14762 58274 98582 74656 36931 93762 12893 75529 6771 46702
818 1 4783
3855 1376 1020 2838 3764 2494 2226 1349 4036 2347 2328 2784 3810 4942 1845 3963 3174 2050 2623 1356 957 2561 2817 3904 3436 463 24 3703 552 167 227 2462 4932 3364 853 1906 4008 4029 3993 3388 2171 2211 880 1160 293 3695 4209 2695 340 4996 854 549 3065 4956 2134 877 4813 1199 2333 464 181 326 620 1540 2575 1885 1230 1505 3376 1910 753 111 1404 3026 3109 371 3241 171 2604 784 1729 1838 1374 19 2202 3532 3024 1975 3347 327 400 2678 3637 3281 695 4569 4083 4519 499 1062 1744 1573 3072 2577 2404 3900 2843 3518 298 4046 1371 2482 3209 1498 1444 2521 4773 467 593 137 4866 1579 1117 2598 444 3660 2078 2751 2061 3479 2751 2382 2524 518 1297 4917 1406 3971 869 3636 1484 4412 2792 1983 2953 3662 780 4459 790 3382 3518 2049 1380 4319 3897 2691 438 2925 4423 812 72 1272 583 3988 4815 3796 1384 4145 1071 3717 4144 4889 4035 792 2161 1588 2284 3573 1153 2566 849 3449 4676 4962 1184 895 704 4002 4774 1142 2373 2259 425 630 39 2893 2895 3444 1265 3632 2914 4622 816 850 99 2208 281 469 2015 2140 720 142 1354 1471 1622 1751 4415 3680 4166 1287 3946 3133 1956 4687 4578 1062 1730 1173 270 3962 1369 1957 1939 2688 56 187 2223 1262 4548 2782 1629 2501 2860 3606 2925 1462 3336 494 4167 3621 3294 2285 4372 4323 4984 2638 146 4667 4141 783 1202 4850 4738 2726 1495 1673 2709 1735 3053 870 4894 443 843 550 1635 2387 830 2056 1278 1202 892 4555 3101 1472 2946 4623 989 2915 4698 1689 2164 1959 437 1896 2378 3806 3161 2452 4043 1443 519 198 884 2136 1588 562 3511 2640 4953 554 3596 3559 3697 380 4118 117 2982 4580 2296 569 4281 1684 3354 4322 4340 647 4828 241 4437 757 1781 2474 4946 3920 2856 506 2092 3302 3412 1194 2194 4263 3647 3169 4002 4222 1758 5000 3813 1037 1628 4518 2376 1849 1588 2508 3603 1212 1796 4827 1056 3753 3664 2465 3538 3658 4632 1651 848 4365 3928 1028 2996 1229 4778 1916 2436 1525 985 2084 4212 1023 2724 429 2229 2595 326 3560 462 4427 3430 472 4926 1331 4216 4476 427 2606 4855 384 4435 3643 1541 4683 3828 1630 2256 3724 2682 4595 3123 1021 4045 3654 4974 1634 563 3118 3275 3851 609 2056 1943 4404 626 3135 2928 4277 3977 3280 305 4678 1305 3548 3191 4739 3103 199 3631 2133 2216 2438 4327 3384 2341 3509 4701 3793 4119 566 4128 3296 1496 2414 817 4571 3072 2473 1245 267 184 1166 554 1815 1055 245 1875 742 2383 4844 1770 3275 4459 273 4841 249 1415 4322 342 3525 4476 960 1120 323 2223 1506 2482 3705 1972 4198 427 1600 3868 1066 2422 4960 1136 2289 2445 2395 4273 2233 3094 666 3758 2048 3567 4451 4169 2783 2107 2964 3399 2895 945 618 2393 4864 2213 3002 27 2713 101 2192 4889 4769 242 4798 1761 2684 1857 940 3425 1753 1725 398 30 752 171 435 2038 1185 4186 2457 4171 3407 2612 1614 796 1380 2390 4818 4937 2470 2160 3760 2282 1415 921 2403 4597 1178 3394 3701 3155 1969 2893 4499 1638 900 1698 4588 705 3956 4541 2304 1692 4325 3376 2942 3586 4194 2449 261 841 4538 2231 668 1125 3360 4814 2597 4657 256 2509 3995 307 4101 360 1989 635 4768 2535 59 1752 2491 4138 4533 3031 4428 1359 3147 4465 2221 2834 1463 3287 1192 4200 1111 2188 1375 4639 3118 4624 1497 4877 3370 1541 3409 2828 4456 2184 3785 2119 2059 1781 3476 3228 3172 4975 1688 3486 3724 3947 1850 1533 916 391 3748 1892 109 4989 65 599 3876 3726 4282 1479 573 3405 2601 4236 4328 4049 2977 998 1169 598 3201 1655 1449 3928 4430 2824 1715 4685 2925 4079 489 1582 1658 2338 1948 3498 3970 3555 1074 4048 677 2247 2313 2886 440 2092 2666 4859 4103 1391 1849 3213 783 3112 193 3495 808 3931 2732 4123 3674 2075 4800 4424 1199 1724 1309 2952 4166 3461 4523 3681 4152 1865 2225 2158 1435 241 2352 545 2772 2999 3414 4143 1561 4633 4510 72 3564 4496 4444 905 3852 3837 4278 1192 830 3871 214 803 4865 1387 2669 2726 694 2120 2450 1631 3558 1541 4047 1447 4261 1954 1628 5000 3453 1936 317 181 3502 2702 878 4027 3184 2617 4872 954 2627 871 2299 2287 1734 4503 259 722 2940 1129 3007 2078 4620 2974 244 4354 2783 4891 1000 316 245 936 498 4341 3240 3039 4495 332 2738 587 4608 3979 2555 2183 1951 4728 4810 1415 208 4633 356
722 1019 5207
2005 4434 1822 1734 616 3844 4344 4336 1783 1959 3967 1012 2597 4089 4548 2798 3805 679 316 2955 3073 2378 210 2397 4853 3699 253 820 4222 1333 4013 3289 1404 2376 1496 1284 4249 3086 4835 1661 4389 1574 103 4663 3592 1559 314 4864 3010 4598 1703 286 371 1048 627 1412 1074 4539 4013 4345 2356 2070 1729 3921 2876 2561 1064 2237 3833 1296 3144 1990 2600 2745 852 999 86 2124 3112 1624 3298 1762 1219 3159 550 1222 4288 769 152 4305 4091 2422 2409 1898 4917 2266 4177 3882 2940 3623 3452 2620 3251 3296 2893 2035 3305 3865 4390 3095 4112 1138 3913 239 900 4370 1998 4370 4821 2936 1802 3649 1571 2053 2392 2796 2518 4629 3942 1572 3479 4941 4303 3880 4655 4318 4848 842 4226 3511 578 2497 4454 1017 219 313 1174 4163 3576 935 2646 4798 4531 118 50 1907 1853 360 2391 265 4817 3542 334 4267 3373 3344 2864 541 2669 2368 2595 3807 1382 1256 3088 2186 228 2580 1941 783 2744 2826 1814 543 2441 3686 3723 1525 221 1474 2733 2688 2957 2323 4131 3188 4371 622 4332 1616 896 1697 3760 251 4326 3703 4984 1048 3135 3395 374 120 1569 1174 3433 838 774 4395 825 3189 2068 4471 4244 1518 1397 950 2379 2438 1500 2216 1181 4228 1133 2291 3909 4400 567 954 4130 919 2378 3811 371 1691 143 2415 2221 2952 160 1938 4658 2473 3284 3602 2704 4240 4263 3524 1755 20 1964 881 1328 3445 4728 984 2223 1803 1221 990 4603 1460 1511 3160 4146 3173 3158 2753 580 4864 3657 2759 2130 499 3771 2223 3524 2945 653 4161 1670 4498 3080 2942 2040 990 1061 4949 2273 4991 2339 3766 3303 2243 1627 3830 54 448 2539 4184 3923 731 326 3269 11 1641 3869 2306 4005 1534 1924 1160 1352 780 4059 4425 3354 1595 4895 142 2047 4575 893 3030 770 3095 3762 4336 667 4330 3362 793 2701 1820 123 4113 474 358 1229 2536 3102 4659 3800 1327 4021 4302 106 144 4114 737 4876 4671 3757 3513 3055 1002 423 1693 4600 3588 333 2381 3406 2423 1903 560 4908 135 4748 4693 615 2732 2956 3475 653 1392 4577 2172 240 655 3275 1804 3790 819 1735 3655 4558 2743 2235 4280 2297 1684 1216 1063 1123 4031 3333 466 373 579 2940 4452 4144 1987 4283 26 151 4056 3033 3658 2969 1752 3834 1535 2146 3752 1057 3991 2278 2696 4954 1877 2769 4484 2753 3386 4406 3484 4818 3775 1249 2569 2390 2789 803 1519 2582 198 762 314 2399 2636 4746 497 2963 3950 4180 4000 1960 4412 2898 2145 3983 2728 4340 3490 3363 1892 1010 3969 315 2250 1214 764 3134 726 4116 150 1450 1648 1642 3572 3137 1270 3030 3237 2473 1198 2457 2447 927 4409 4278 199 2407 1180 2854 1248 986 783 3427 389 716 3400 943 1777 544 482 2736 715 763 3558 786 1928 4482 4580 4970 4753 897 3299 3547 2747 2977 2172 1070 1757 3205 101 4202 1667 1282 3921 4878 4945 2312 3924 3159 580 1841 3085 2419 859 1556 1356 2328 899 854 3666 1097 1287 4135 1696 2430 2174 1572 2792 3984 4695 3950 136 3670 1263 4783 493 1230 1595 20 3571 2723 2489 4779 1283 4447 3137 2538 1773 2094 1073 553 4285 456 1869 2310 2114 2848 2622 3364 521 2885 2809 2950 3440 3228 4368 1581 1543 3504 3878 3260 1 2768 1452 3044 2007 1923 1129 4649 310 3794 2142 4256 967 4113 2166 67 1220 2316 1380 971 3251 3019 4328 1801 610 3762 4810 4969 3362 2247 2015 2131 2041 3576 136 3687 623 608 1343 2380 2138 3334 925 2021 2309 2683 3519 3610 835 390 1655 4254 1986 1413 3887 1682 4794 1594 1552 2741 4444 607 1624 2062 4487 3864 4434 4512 1078 2644 1536 3424 3118 4711 2251 4694 3691 463 2211 1182 3114 1593 1922 3794 1185 176 2778 2950 2643 481 1623 4623 1464 757 1711 2936 1833 3044 430 3099 3248 4411 3878 617 3845 1329 2756 166 2518 3596 4734 3940 4758 2003 1776 3146 1806 4855 4957 3344 2986 1427 1187
405 1 2357
2061 172 2792 3407 3315 3629 1012 4479 1068 2670 1800 1857 1621 97 1375 1709 215 1689 758 1031 4477 2979 160 3882 4277 1834 4444 3320 2373 3466 1431 4540 3444 1526 452 4686 4282 3630 1165 3637 4436 3504 164 1572 3872 1326 2370 1451 377 2888 2467 3342 2944 4296 4764 650 1855 2580 1235 363 1563 617 1330 3140 3310 3338 3719 4798 1925 2440 2610 2577 4781 3451 4355 3248 1021 3127 1568 1918 960 3346 1113 3615 3129 2081 3568 4250 459 2003 3448 2906 4956 4989 3433 516 2318 3548 308 563 4530 3889 1897 2918 3617 2374 3955 1979 3416 1895 1165 428 3415 4580 828 400 3318 3106 3272 621 2132 2778 695 3081 934 1721 3424 4696 3809 1534 1865 4248 1372 299 30 3776 1428 4643 1719 4839 1533 3257 1556 3441 3186 1825 4175 2603 570 4752 3574 4960 3623 4325 3252 324 396 1307 1387 2781 3202 3855 1913 4650 4583 564 3884 4604 612 1318 2698 4953 3985 4227 1977 2839 15 3309 2576 1349 3625 3717 2240 4701 1512 3074 4587 422 3442 990 3919 4558 2838 4265 2511 2069 1191 3471 4495 2013 2899 2604 289 853 2038 4712 1241 44 4056 2686 4713 1234 671 1030 4834 3626 1786 4042 376 4292 1436 622 3880 4456 713 2128 625 4413 3360 2959 3636 671 3365 2665 3201 3774 1378 1820 2559 3555 3569 4965 1664 1198 4617 4639 3119 3370 3394 164 3535 474 614 3983 3105 2837 3583 3353 1713 1125 4751 522 1854 1422 2031 4312 2588 2289 3208 4595 4536 808 1664 4393 1767 4388 113 1260 4075 2538 1524 3329 4259 4372 4853 2389 590 1579 1387 4992 1684 3371 4950 3995 209 4015 413 109 1463 539 3004 473 175 632 2439 3524 3291 3049 4973 2570 2987 2277 3227 3712 2970 1622 795 4044 804 4806 3210 4384 3494 3393 4211 4974 2530 4629 1891 2533 3326 4613 4018 3114 3536 14 1874 3298 1712 4697 504 3763 386 2031 2236 4330 2854 3611 3902 1215 174 3496 503 78 2387 1355 2609 1550 3252 4492 676 3124 493 2950 3966 2082 2112 2006 542 2968 3434 1968 4886 4700 772 1068 2882 3486 2892 776 2929 3284 1536 3495 3735 1757 1727 4727 860 4801 1724 4648 133 2581 3688 2297 3229 1885 4962 3348 1063 2369 2365 1865 1003
195 95 4960
667 4888 1737 626 423 1562 1057 1933 1826 2054 4398 4069 2161 1909 2159 779 3924 1616 1855 3035 132 2421 4815 4218 685 1846 4630 3091 1375 692 2004 2639 31 4344 3484 1007 3706 2145 3592 1055 3873 3071 4542 408 4463 411 423 3586 1904 2161 2120 93 956 3251 1106 2586 649 2395 2909 931 4615 2540 4337 3539 3052 3446 956 2819 5000 3924 2800 1962 874 3140 4380 1960 721 4450 3554 2944 2608 1249 1073 1672 1553 4367 1345 4902 2250 4740 4875 1456 3764 4655 2019 4288 4536 85 4662 3171 1676 4207 3445 2372 1187 1975 1508 657 1819 1342 1580 3257 3600 1181 4068 3745 102 3030 3719 938 99 4246 1334 289 619 1633 3710 1963 2557 3906 2380 970 1403 926 4117 2784 2887 3844 4595 4959 2224 2635 521 1562 644 2135 719 2692 3623 378 2305 2579 1882 3811 4802 16 687 182 3686 414 1945 2512 4780 3885 4680 3861 3739 3802 2714 735 2876 4893 1949 317 4836 3422 1760 1278 3829 3028 4202 1128 667 1636 1202 3858 3569 1722 2573 3386 582 3607 3678 4675 834
122 2330 5019
4824 3608 2380 36 4211 4813 4722 702 4865 4727 2661 84 3699 2702 3073 4981 4170 2888 1402 1624 813 4852 3371 2146 2893 2261 1543 3598 2401 2693 295 4884 621 2411 73 3777 1629 4523 1418 3822 2336 800 2410 2680 464 2320 1757 2251 2749 2932 82 3571 4801 2794 3021 609 510 3426 3999 751 1788 2953 2293 4440 1607 1693 438 911 3676 1494 4701 3226 4564 2877 2647 2170 3626 3148 1214 3090 3374 1577 2476 3274 1284 1689 4707 4559 4214 269 3417 736 3142 2059 1362 2096 2472 1203 3965 3051 260 4020 4728 2390 4105 3323 3536 4376 2829 2031 1840 343 241 3004 3554 192 3729 1099 780 3199 1378 3818
980 563 1123
91 4296 4423 1951 1029 4831 3757 3998 3817 2773 1180 1017 4539 1041 4603 3791 3791 2308 146 4828 2062 4242 1303 4817 2601 4673 3929 731 1734 4199 516 4929 4812 608 1881 679 4204 4308 2481 599 2750 3623 1975 3007 2621 4418 1815 1973 552 4464 4703 1695 3206 1395 2600 928 2613 2852 3608 4461 4511 737 1336 1813 4602 1592 1373 1294 283 1538 2598 1117 1622 2771 3528 1837 3108 478 713 4457 3137 565 2031 1908 392 1102 844 3045 4022 2746 1361 3057 264 1519 3868 985 1314 2293 343 1098 4454 389 1542 2314 2796 2284 1989 3432 1308 456 4188 2581 4237 258 2680 863 2273 329 182 261 3991 3335 3543 4556 284 1173 4347 4655 3064 994 2635 1485 609 4880 815 4893 3102 3447 4568 2772 1345 1899 3524 431 4537 3649 1444 3076 1067 535 4179 714 2165 873 3053 3042 4568 1383 1033 4285 679 4908 4789 4884 2040 4145 437 2375 2141 4552 2655 453 1255 2493 4958 3074 889 2806 1208 3047 3364 2436 3046 1355 4412 4993 4984 382 4366 3529 4891 1198 3404 4950 2409 131 1919 2851 3811 1382 3624 122 1460 3423 1219 617 4997 4602 192 1086 472 3179 4855 1604 1788 3489 4423 2326 2421 198 1084 2216 4940 2911 1883 893 4778 2446 514 1082 77 2253 585 1377 4124 621 3919 1482 789 1852 2691 1045 4633 3693 3664 2675 4320 161 4027 1154 3142 2796 380 2990 4569 107 935 2900 4142 2385 3134 626 2815 2536 2405 4483 1540 2796 1969 3118 1955 499 3806 2222 4189 4593 1131 3581 3630 3912 412 1817 1480 3973 3844 1640 4813 2846 301 3440 4175 1687 3862 3015 3407 3403 183 4625 4870 2096 2996 504 3410 2371 2548 1822 2928 3275 3893 3797 1563 4194 2469 2224 1615 3149 1535 1867 4005 1604 4081 2876 291 3101 22 3437 4518 2579 3908 993 15 4612 1388 3868 1415 1489 4010 1488 872 1358 4896 2081 1402 4505 123 3690 2247 3479 209 2769 1148 1194 1126 845 1428 1159 4322 3288 4066 323 280 3527 2602 2166 1629 3246 2093 3616 1139 624 1784 4583 2882 1997 3728 2963 2522 412 4188 768 3231 2287 2678 331 3721 3606 3807 3280 4894 1300 246 1392 4623 566 2629 688 308 722 1289 3596 996 4588 3964 2746 3630 3691 1424 2587 2173 1154 4329 4077 1291 1938 2288 27 3693 420 3744 2366 311 4661 3799 1812 1156 2867 4627 2439 2291 4060 4062 3905 2185 4165 1551 1347 488 3872 4846 2725 113 1455 644 1351 1579 204 1965 4518 4799 4827 4315 4587 2623 2359 2824 4469 1819 3385 183 1583 2464 720 4832 3820 822 1538 1406 574 724 2568 3311 1550 1074 3463 1800 1757 4106 4931 4745 4129 4963 1966 1492 3796 1068 814 4294 1262 882 4909 583 3187 1222 4618 3796 2376 4030 1044 2798 54 878 255 2278 1040 4811 4807 3624 2209 2428 1665 441 2023 197 4322 2367 3837 809 3494 2171 2316 3915 1162 2613 48 4457 974 1821 4777 214 82 777 536 514 545 504 1690 1361 219 4905 3721 4229 3300 4025 4781 4728 4858 4199 2345 1810 1060 4118 4338 3499 3461 1919 3067 2021 2552 671 3539 2673 3454 2900 3096 2269 4058 4112 637 3935 846 3968 2895 4001 2830 2395 4973 2809 2762 4610 3525 3563 490 745 1692 2405 3138 743 3909 1495 4932 4823 1603 4589 1908 451 4458 3946 1911 354 4527 4394 373 2823 935 1124 245 3934 2157 2675 2399 3538 526 2904 1909 1976 142 2694 1275 4162 3933 3673 2230 4681 3420 587 3313 1250 4713 3797 922 3699 259 1230 4643 747 1863 4507 1180 363 3976 2595 3109 3109 845 670 465 3255 69 3642 4751 1244 2278 2825 2794 2608 3010 1850 1536 2909 338 18 736 3774 3701 255 516 4488 3777 1273 1870 1936 4459 3661 327 741 4177 87 1723 1283 4780 2748 2288 3217 1035 3258 2517 1304 2290 4276 4854 784 962 4373 1182 3472 2241 1856 4582 2082 682 3898 3705 4521 2296 1429 4034 2335 1796 2785 2517 2584 1815 705 4522 2101 4313 1600 1897 4589 423 4118 2063 2726 1834 3682 3430 3908 708 1366 434 2228 1822 2618 4888 2176 4021 1598 2041 1407 1628 1815 1804 784 3938 3501 3138 811 60 2151 4779 2292 741 1803 2174 1365 593 2734 3693 1303 2889 4236 3367 4700 4817 1005 2239 1228 3238 1428 3849 3425 2563 4717 2381 3081 4474 1595 3196 2505 3615 2539 3007 249 448 112 464 351 4185 2764 184 2603 2493 679 3495 4421 4958 335 2402 3062 2325 4661 2990 1505 4045 768 2058 7 2330 4064 4939 2617 503 3264 178 4534 4781 2585 1752 1786 3735 3120 33 1551 930 1467 3054 226 3307 773 4820 3300 2088 1227 3051 3531 1264 4210 2193 197 1366 631 2852 1089 697 4971 4830 2978 1247 3705 978 2736 111 2678 3814 4556 3190 1307 3617 944 2706 4994 2083 3466 634 1947 3668 2651 70 4913 3372 4407 1747 1910 1082 1875 4134 4071 32 902 1842 4853 4124 2270 949 2146 1089 545 1069 1749 3291 4268 839 3217 4202 4842 4384 4776 1422 2309 4396 287 625 1418 2396 2527 1522 348 4069 560 3885 2800 4531 17 4127 4064 3917 176 2624 1959 2601 3290 729 4016 3504 144 2021 2131 2772 2799 3532 1820 2990 1242 506 4001 3677 1518 959 689 1537 4314 751 3236 4053 105 4578 1410 490 365 381 4860 1152 265 3175 3177 2087 2890 3744 1582 1028 252 1459 3502 3112 3325 2581 17 2530 1552 1422 2108 1429 1281 1780 157 3348 4312 974 1320 3265
1011 263108330 553304699
39714 80361 8711 60617 86073 93875 22641 70761 82082 2624 2709 29035 8441 85995 99461 43358 86095 27669 68810 85429 16696 17258 98409 75652 94879 75027 4577 73751 83546 42487 401 37839 29368 52142 62359 14874 85014 58948 40498 75950 9201 48071 88265 66306 77461 32013 7428 7368 48404 76964 88632 45163 11475 55351 62401 89761 42750 66234 95847 97933 93500 4659 80323 74836 56669 47909 57307 74585 64335 93402 10441 94583 34736 74572 88826 69755 86046 47184 84978 14780 37515 33215 5644 90360 88460 79458 99967 40556 81040 7322 55229 30479 43309 47114 96149 74860 30357 60161 82296 50426 30921 67336 2840 16473 12996 95812 65453 65163 4632 59400 64017 37965 1430 58522 68363 70193 31174 2720 65449 42073 30455 16071 42662 62610 9936 79344 83147 24811 3717 99799 30066 75696 27077 48609 45765 78183 78224 93282 46757 47270 75558 10889 76487 25999 12283 55560 84664 78762 84455 31107 90497 73821 44185 56116 85222 73962 86827 28633 11305 37925 95888 96155 39084 42865 96138 53532 58771 81782 2457 45180 69671 98656 84974 80839 17878 49687 44125 94974 83192 16983 47185 32961 95469 3628 7257 3542 76994 14507 20800 73625 65875 11663 27002 41600 4426 783 35899 61578 69797 86489 37250 85955 22934 26445 78162 41782 65796 29464 70049 48816 41870 80396 5544 74285 67408 23480 86907 62209 50686 24265 24916 20933 21165 68317 78152 96763 63153 30495 83611 15840 46305 43972 28271 91182 33239 75009 92823 84651 93491 18823 67625 46705 98303 20380 90738 28923 23181 63447 65092 62728 48349 48984 65739 35791 29275 23938 63293 87488 46949 12534 10831 85619 22090 6540 81060 66031 37741 56496 1184 44889 36553 85079 10971 58166 12815 78461 42642 3551 92042 67645 72951 64897 96548 77260 28456 77389 193 92818 91389 17122 25609 78470 62395 65685 54691 28036 50597 71643 82877 39118 883 62643 52680 62013 54778 93907 95136 77666 63339 88493 28618 1117 36344 3517 98870 10104 21808 41074 11299 83810 42380 17718 50498 31940 7138 37692 80370 37633 47447 4166 76842 20558 210 96847 87446 3628 86731 67867 51033 39806 80354 23353 47217 65931 10764 26995 81943 31826 60871 39826 12005 83141 98799 16560 41683 39460 65450 955 14138 42806 33117 82755 84729 95622 54018 2305 33142 6008 8369 29155 8924 5094 26810 2936 39394 66428 27317 61077 9741 64300 6001 37889 41452 98255 25801 8899 5857 8953 13973 65382 191 83192 35772 51879 8142 86984 22918 48091 57131 81237 31504 52863 1037 32399 87897 85405 76355 32739 57017 63479 98553 73500 65170 12980 2970 68021 4958 80612 63343 50649 70920 32018 38213 68345 69622 96357 78540 6666 85028 48018 43419 83065 70380 35362 71729 81707 27777 87900 27319 28053 8156 21903 53090 8468 65037 99581 22676 84906 34707 51527 76962 80407 38406 33841 27376 97200 40081 52466 82231 15198 40190 79579 69129 68277 16682 83073 76812 62767 64567 66153 99202 79557 56448 75631 54186 59849 5543 77170 13886 18115 906 17727 88093 85286 25397 80537 88099 45070 87185 64482 31797 24089 62969 2377 26905 93471 59341 69232 8161 14991 62239 19928 55784 27719 22731 31467 96565 67215 83236 45190 76605 30451 46762 20193 50821 98844 29559 16349 65028 17897 49368 6472 38343 67055 66361 79504 49519 94698 72729 18722 92981 2591 3293 95037 11021 81008 70848 3256 65640 78650 28936 2701 50003 98031 63796 72161 11645 7851 83377 96368 42358 86613 30924 29402 62899 78068 65218 31108 64047 73579 29523 13740 69291 10163 76468 11181 16309 39891 67556 43850 46118 93726 32374 34907 67269 72778 14894 242 36330 64968 39047 41321 9565 41573 22512 42665 15805 21820 48503 25497 97308 13461 34781 72801 50535 84318 12522 39194 5540 42629 78969 18901 18708 42383 81172 20708 50872 78584 94746 60617 45840 85671 21405 30905 68413 27117 9000 69996 55368 83835 53149 53379 29116 2045 33757 3415 86543 10358 71521 2234 68702 14937 45381 73100 25110 59777 37732 14429 71822 37678 89663 99801 70481 65596 17750 57397 43195 28898 64953 7093 50873 60164 44856 3159 43954 18646 24567 79039 93476 34989 56189 75424 48679 23203 61804 54596 975 53639 77643 30329 34893 79711 25726 45208 43956 34971 86647 81330 32249 41335 86502 2681 41075 6733 18732 72200 50594 26036 26349 53232 82029 24089 80548 94976 1187 64280 34992 99153 60803 96535 18828 1291 11479 44575 47133 18263 30075 80632 52676 4035 28124 4192 59923 8587 79067 55560 39580 79146 14608 47052 86885 32668 20012 48268 64600 98479 59670 78955 11607 3302 87287 59683 77613 60425 96530 39011 50175 62861 78699 39719 52865 20251 46312 19282 19429 36896 36148 76171 51086 8433 42464 58353 31234 56536 46021 7259 31486 89119 14277 47281 35684 11960 19759 42753 48240 23878 98656 34111 51176 81900 43271 95548 21905 3952 73569 54529 21534 51532 24771 104 61124 45169 13110 70839 78761 98328 13725 43739 50810 34854 12146 11357 59004 73018 98030 41443 62138 2231 5255 16613 88061 87273 92979 41386 43514 47190 55627 26271 10533 17858 33324 8852 24899 3838 57367 78163 37661 73999 5463 16094 15248 55030 55426 61731 80769 42882 87097 45630 66863 78510 58794 82988 57761 88759 8533 17479 73278 24607 90027 68931 84187 54007 94449 3139 24334 49261 57765 40953 65986 41713 29304 27929 46980 92901 4249 34904 23833 93569 10067 58950 35730 29249 46476 69061 40088 67436 17838 30437 45890 80160 41987 68446 99589 89279 65209 82793 59755 96912 74181 4539 12060 6068 12452 63679 22937 44774 42844 90799 89288 83342 60064 48943 33609 46754 52019 73382 2726 86105 17188 62234 53865 26926 96216 97542 62888 56973 91718 93498 56060 16189 91803 54288 86800 81194 126 48262 44340 69390 1549 17693 33136 14427 54950 67693 76918 71719 64194 30594 12816 33301 48699 28856 59705 63452 84591 63822 26472 28886 85628 49546 48486 2343 11243 88073 31777 40104 67146 31073 41401 8655 92913 18997 3095 39805 1831 70324 66142 27043 4092 82318 78713 38898 63254 95860 46836 21438 31530 14411 35431 590 85088 25357 95437 67714 44634 57180 4723 43041 14861 94019 89611 72255 34509 7372 13824 69671 6279 71287 65380 11051 39975 45213 31045 23301 39706 41698 69407 82792 75246 47760 32427 2024 25654 19222 25620 12323 88458 26237 7946 31946 49963
3 2 5
2 1 3
927 2291 7429
3571 2135 2897 1150 510 2647 2694 3959 3382 2813 4561 89 3472 3912 19 2994 2822 4999 587 4478 3161 3195 3495 3754 425 3702 690 1912 1492 3639 1599 1727 4629 4396 3883 3749 3580 3666 1793 3372 1100 1075 2927 71 2065 2228 3205 4968 3816 1866 2286 143 649 4945 1711 2304 1247 505 3300 4114 2280 1493 2498 4568 2031 3625 2551 646 567 4607 3701 2393 3346 1886 654 2523 4728 712 554 4097 3115 463 1235 1907 727 2355 3625 200 3295 2970 4690 1004 4106 2228 4745 2487 1925 2218 1503 3386 3050 1203 1911 4848 406 1267 4323 1807 536 448 3957 2659 2308 353 128 4141 1944 1878 3532 2853 3518 799 2799 2097 2536 4706 2457 3288 2986 4283 1905 3719 4873 4962 3835 2551 4066 3260 4835 1770 2949 3311 2106 720 1279 183 3831 3602 2391 1301 1570 2426 1360 2834 329 1397 4445 2144 2549 4662 1356 433 127 3913 1753 2823 4892 1240 3563 4695 3360 3317 4339 1930 4263 957 3080 3042 3478 3941 1192 4773 2295 716 4001 3273 1739 3629 2566 621 1058 2007 3069 3303 4735 3146 4157 4959 4719 232 1644 1599 4031 3342 190 3717 653 3510 4379 2255 4631 2075 1471 530 3704 1903 1941 2863 1673 548 3445 2139 1444 3541 3922 3993 1291 2081 2297 1878 3519 3004 411 4632 1669 1113 2627 1892 2939 943 195 2794 8 3767 4993 2488 4761 1080 143 4904 3799 3215 2000 2366 1726 1038 4126 1811 2505 791 2097 79 1 4310 3754 1582 1244 2888 909 578 4674 132 4341 1352 1147 4309 3281 354 3509 3465 2100 2464 2297 1233 1651 2948 3604 556 4047 2641 660 4882 162 2551 4456 947 390 230 90 4290 2201 1891 4825 4665 1853 4340 710 1938 2172 1436 4096 2231 120 3636 4707 1062 3344 2663 539 2845 4191 4391 3215 2670 1071 2281 3553 807 4843 570 490 4256 657 3045 457 1874 2942 4826 892 1881 2844 1380 1143 661 2463 2599 1609 4539 701 3443 3095 3875 2763 1882 3272 4189 4492 3442 4199 701 3204 2816 1367 280 3547 442 1137 2674 4070 1710 2872 2734 3175 2004 4502 89 2644 1836 4831 115 269 2254 4723 1267 2879 2869 4274 3574 3398 4110 63 1003 4959 3939 1303 3878 1227 4198 3315 4687 1351 4 2512 3750 1920 2256 1232 4462 2477 3401 4786 1067 2085 4050 1164 4089 4102 1339 3632 2306 1559 4897 3645 4996 3638 3511 108 1517 4555 599 2899 4107 3382 3353 4247 3765 2684 1678 4450 3111 796 3089 3220 3718 1287 4251 3397 2193 1886 58 4520 4903 2150 2358 4524 3691 2726 3624 916 4713 2113 1327 3230 1676 4639 4007 4065 4965 1254 1976 1559 4490 1053 2313 2266 4928 2209 2423 2451 1631 2273 4438 3189 2897 4268 2242 3160 2654 4451 1754 826 1655 4320 634 3936 1988 2757 44 554 596 1778 170 4892 3233 414 2067 2144 1358 406 744 57 4198 4916 4433 2035 1523 1927 4936 3702 1047 1936 4874 585 3810 2893 1581 3844 2848 2742 4219 3269 1278 4956 4442 3084 2249 2713 4877 2866 3532 3923 578 2924 1580 3115 344 486 2953 1498 3461 4922 1339 722 2986 4311 2710 3146 1564 2070 1076 180 3584 3768 2302 72 4786 2972 3543 4404 4905 2837 732 3979 3018 2447 2395 3649 2584 3930 4120 4193 3125 287 1766 1757 672 4591 368 1509 2731 4515 2540 2204 3039 1662 616 1747 302 1407 2837 4640 1453 3211 1108 4762 100 4799 1961 1747 3180 4523 547 2136 4260 1569 4324 4165 3055 2093 2164 2769 997 1239 812 3273 2884 1451 2377 2417 68 2058 3216 1188 4140 4153 4496 3588 1884 2399 3600 3141 1120 3277 3422 4876 1621 646 4705 558 4371 4741 1476 4827 639 2893 3288 3017 716 323 876 3052 4694 2664 396 1411 4842 500 2211 2054 2853 356 1725 3963 1728 4436 4030 840 389 3071 1817 1051 424 1803 974 3182 4373 1274 4580 1470 26 2266 4350 146 3232 2686 4308 2600 3076 2022 2801 2019 532 1050 4709 3673 1360 2484 1550 177 4903 3498 4248 3473 531 1195 1054 2390 4546 2449 75 1373 3682 4908 3626 4174 895 464 2190 3872 4356 3229 2879 3527 3013 1388 4522 2586 2764 1033 2555 649 4408 1387 2257 4700 3350 3049 3047 87 1043 487 1771 3810 1279 4429 4116 4604 1047 2657 3109 3215 4432 747 392 1614 4923 1446 633 2971 3593 695 4000 1398 4108 2741 3474 3464 1671 145 3357 2446 1371 3223 1030 1848 560 498 3721 161 844 901 1700 2993 2435 782 1905 4645 1491 2133 4854 152 4762 2890 2506 571 3486 2677 62 4825 2969 3255 3181 3142 2743 926 3337 229 4046 3053 2244 631 4793 2505 1457 3305 185 4280 149 183 2528 4237 2204 1237 355 1286 2412 821 2923 3351 4592 1114 2160 3759 1450 1995 2819 3887 257 2515 3270 747 3074 1101 3723 3489 1814 564 4190 4215 3824 1449 199 3257 3673 1686 3984 119 2138 967 2167 1085 3741 896 3648 4413 1065 1993 1091 487 1624 1183 2941 3120 3670 1908 2614 536 1680 406 1502 293 655 773 2244 1158 3640 3430 213 1498 545 3765 341 1030 2985 4399 3270 1445 1589 2877 3802 2961 4947 708 2566 376 204 3330 4245 3531 691 1635 2733 1192 4709 657 2763 1607
578 2132 2615
3737 1613 3296 3998 2097 455 1089 3013 886 290 3599 4924 3555 4813 456 3183 1310 675 897 935 1959 4181 3647 4704 3966 1 426 3858 285 236 715 4875 4093 1683 79 3293 3372 2642 1627 4809 1043 2576 3495 7 2078 1071 4983 1753 4501 3627 3276 3771 2336 727 4338 945 2727 3606 1234 126 726 596 4080 1115 3440 2058 1359 4340 3731 2736 3312 2387 4105 4186 1281 2760 4759 1378 2618 2062 4845 1782 1218 3194 1086 4661 1017 1986 1786 875 4279 2520 1407 2078 2185 1114 1967 2645 1268 4504 3306 2332 2633 2921 1283 30 3665 2353 305 3704 4506 2003 1204 1102 2784 479 4615 2436 3135 601 2373 3003 243 1830 2507 222 2683 43 4301 1352 1082 380 4197 4931 2797 4349 4215 1335 4643 2673 2880 1934 4222 3668 4908 2320 2800 2927 2134 928 2096 1792 2930 682 2620 419 1927 255 3497 258 2528 1767 2509 4124 1289 3841 3518 2285 4831 2258 3123 3105 1392 1807 4440 2806 762 1833 3655 3909 1943 773 1009 2236 646 2220 4685 3492 1005 1230 3191 1114 2922 2790 4554 4909 1745 3226 4832 619 4000 977 2693 1207 1286 4993 4972 4131 1858 3420 577 1534 671 2278 4894 1098 4957 2062 2641 4084 3251 830 3066 425 3896 129 371 3554 1210 217 3624 364 3589 2385 2373 3654 125 2445 4383 1872 4215 2077 4579 3412 3113 3440 2634 1468 2682 458 1606 904 3180 1452 1046 2057 3606 2453 1349 935 4630 2058 4289 4492 2300 2967 4104 11 3921 1842 3492 3464 4702 3136 1367 2342 3681 126 4386 479 547 1246 1943 715 2757 4788 126 4080 1880 756 3476 1457 1899 3907 3752 2487 3567 3214 2032 193 3071 4706 984 241 1483 3089 2386 3493 4396 661 3969 4095 4330 4829 3719 2753 4296 2146 3079 4144 1937 1572 2285 300 3244 1942 3449 2121 1419 1290 4482 2045 2274 3146 903 4918 2874 2052 4529 4815 1245 2985 1180 2335 1348 1155 1236 2151 2195 569 2252 1894 1302 4616 490 195 662 503 2551 3237 980 2063 2314 3554 62 341 84 2018 4951 4822 3046 3000 328 2566 974 661 916 2900 2433 2280 2194 1046 1442 1446 2099 756 2857 1570 44 1707 2494 2945 3813 4017 373 996 2719 104 3292 3747 4453 4794 2062 491 4129 183 684 1252 3144 4461 3778 3809 1759 2516 3397 4284 2836 3476 4292 3165 4474 30 2060 3631 1564 1661 733 904 642 3559 586 3667 3145 659 1934 636 3109 1409 993 2743 706 4928 1923 789 4640 2560 3447 2892 2277 4717 1928 2777 2556 3964 2274 4685 3083 405 4167 2017 314 1525 1986 1496 1119 4207 4744 4008 3239 2719 1298 2155 4359 3099 1247 880 312 3350 535 3858 4801 4210 2194 3066 2630 3864 4574 2037 4855 3167 2872 3764 3315 3616 2482 980 1147 1178 706 4626 1155 3894 3291 3389 3323 1057 3172 3831 2596 3465 1783 641 4205 78 4701 2898 2837 647 268 2356 3427 3622 1818 4316 1074 865 1627 780 4552 646 4046 4110 4438 3810 407 4391 3457 2622 2301 37 2222 3086 2987 1071 877 639 1532 4704 2068 2437 3127 1823 2213 1590 4203 4230 578 2247 787 4788 3796 168 4802 1809 3026 2110 3610 4822 1255 1598 686 4247 1276 1401 1712 1134 933 3280
